LECROYWR104MXi,15731,Waveform
Segments,1,SegmentSize,1033
Segment,TrigTime,TimeSinceSegment1
#1,30-Nov-2012 13:58:28,0                 
Time,Ampl
998967,-2.38235e-010
998968,-6.92892e-010
998969,-3.75981e-010
998970,-1.24681e-009
998971,-8.13236e-010
998972,-7.32353e-010
998973,-1.06569e-009
998974,-6.48285e-010
998975,-9.60295e-010
998976,-8.62745e-010
998977,-5.79412e-010
998978,-6.37255e-010
998979,-1.04877e-009
998980,-1.30539e-009
998981,-4.81373e-010
998982,-7.57598e-010
998983,-3.28677e-010
998984,-3.42157e-010
998985,-1.58824e-009
998986,-4.81863e-010
998987,-9.65196e-010
998988,-8.50245e-010
998989,-1.50368e-009
998990,-2.30613e-009
998991,-1.05025e-009
998992,-3.5049e-010
998993,-9.97549e-010
998994,-1.72279e-009
998995,-1.40882e-009
998996,-2.29583e-009
998997,-8.28677e-010
998998,-2.2478e-009
998999,-3.33579e-010
999000,-1.24583e-009
999001,-1.10809e-009
999002,-3.1201e-010
999003,-9.7451e-010
999004,-5.65196e-010
999005,-7.65687e-010
999006,-5.25736e-010
999007,-3.93873e-010
999008,-8e-010
999009,-6.34559e-010
999010,-1.46887e-009
999011,-1.22745e-009
999012,-2.35123e-009
999013,-8.20589e-010
999014,-4.32598e-010
999015,-7.21079e-010
999016,-1.88946e-009
999017,-4.91716e-009
999018,-1.35368e-009
999019,-7.33089e-010
999020,-1.08922e-009
999021,-7.81618e-010
999022,-4.51961e-010
999023,-3.96324e-010
999024,-7.77942e-010
999025,-8.74265e-010
999026,-2.31397e-009
999027,-9.35785e-010
999028,-1.68554e-009
999029,-5.375e-010
999030,-7.75491e-010
999031,-1.06593e-009
999032,-5.84069e-010
999033,-1.92279e-009
999034,-1.00417e-009
999035,-6.06128e-010
999036,-5.38726e-010
999037,-9.04657e-010
999038,-8.90932e-010
999039,-2.69412e-009
999040,-7.87745e-010
999041,-4.5049e-010
999042,-4.68628e-010
999043,-1.48456e-009
999044,-6.37745e-010
999045,-3.64461e-010
999046,-9.6103e-010
999047,-3.28186e-010
999048,-7.72304e-010
999049,-1.37083e-009
999050,-3.47304e-010
999051,-3.40196e-010
999052,-1.22745e-009
999053,-2.90932e-010
999054,-7.61765e-010
999055,-9.75491e-010
999056,-1.06887e-009
999057,-5.35147e-009
999058,-3.55883e-010
999059,-1.30564e-009
999060,-3.11765e-010
999061,-4.95343e-010
999062,-3.83579e-010
999063,-3.59559e-010
999064,-9.11765e-010
999065,-6.80638e-010
999066,-5.35049e-010
999067,-2.8603e-010
999068,-7.28432e-010
999069,-4.44118e-010
999070,-3.33088e-010
999071,-4.03186e-010
999072,-1.82819e-009
999073,-2.85711e-009
999074,-6.52696e-010
999075,-4.66667e-010
999076,-1.18995e-009
999077,-1.34755e-009
999078,-3.79412e-010
999079,-9.1103e-010
999080,-1.42157e-009
999081,-1.08627e-009
999082,-4.10785e-010
999083,-1.00466e-009
999084,-3.79167e-010
999085,-2.44878e-009
999086,-7.06863e-010
999087,-2.4902e-009
999088,-1.23088e-009
999089,-6.6152e-010
999090,-1.46373e-009
999091,-1.05e-009
999092,-3.19608e-010
999093,-2.62696e-009
999094,-4.16177e-010
999095,-4.4902e-010
999096,-5.20588e-010
999097,-1.00539e-009
999098,-5.46569e-010
999099,-1.06936e-009
999100,-1.71765e-009
999101,-6.32843e-010
999102,-4.18628e-010
999103,-1.20319e-009
999104,-8.15687e-010
999105,-2.00613e-009
999106,-4.08824e-010
999107,-4.35785e-010
999108,-4.6299e-010
999109,-1.02868e-009
999110,-7.32353e-010
999111,-3.84804e-010
999112,-8.36765e-010
999113,-2.89338e-009
999114,-4.93628e-010
999115,-8.46569e-010
999116,-7.53187e-010
999117,-8.26716e-010
999118,-3.11765e-010
999119,-5.21324e-010
999120,-7.37745e-010
999121,-5.14706e-010
999122,-8.04657e-010
999123,-1.16912e-009
999124,-3.40196e-010
999125,-2.82108e-010
999126,-2.70098e-010
999127,-6.50245e-010
999128,-6.88971e-010
999129,-5.91912e-010
999130,-1.29461e-009
999131,-4.38481e-010
999132,-1.20196e-009
999133,-7.73775e-010
999134,-1.79412e-009
999135,-1.4326e-009
999136,-5.79657e-010
999137,-1.42647e-009
999138,-5.40932e-010
999139,-1.42304e-009
999140,-8.28677e-010
999141,-1.13333e-009
999142,-5.95589e-010
999143,-1.14657e-009
999144,-1.08407e-009
999145,-4.43873e-010
999146,-1.4527e-009
999147,-1.19976e-009
999148,-1.86544e-009
999149,-1.43726e-009
999150,-1.85294e-009
999151,-5.26226e-010
999152,-6.90441e-010
999153,-7.45834e-010
999154,-9.56128e-010
999155,-3.78922e-010
999156,-9.30883e-010
999157,-7.5e-010
999158,-5.48775e-010
999159,-7.32353e-010
999160,-1.65809e-009
999161,-1.05662e-009
999162,-1.0951e-009
999163,-4.02206e-010
999164,-1.21275e-009
999165,-8.75491e-010
999166,-4.77451e-010
999167,-1.02672e-009
999168,-6.57353e-010
999169,-4.38481e-010
999170,-1.64878e-009
999171,-3.73285e-010
999172,-5.71814e-010
999173,-6.92402e-010
999174,-1.02402e-009
999175,-6.39706e-010
999176,-1.03088e-009
999177,-1.00172e-009
999178,-1.08088e-009
999179,-1.68137e-009
999180,-6.02206e-010
999181,-9.13971e-010
999182,-9.61275e-010
999183,-1.44093e-009
999184,-3.67647e-010
999185,-3.80147e-010
999186,-7.34069e-010
999187,-6.41177e-010
999188,-4.20098e-010
999189,-4.70588e-010
999190,-1.42696e-009
999191,-6.06863e-010
999192,-1.25417e-009
999193,-8.1201e-010
999194,-9.68138e-010
999195,-6.08334e-010
999196,-8.64461e-010
999197,-3.81128e-010
999198,-4.97794e-010
999199,-5.84804e-010
999200,-9.34069e-010
999201,-3.25245e-010
999202,-8.16912e-010
999203,-7.15932e-010
999204,-8.77696e-010
999205,-3.11765e-010
999206,-1.21128e-009
999207,-4.18628e-010
999208,-1.71716e-009
999209,-8.42157e-010
999210,-5.625e-010
999211,-3.66667e-010
999212,-9.1201e-010
999213,-7.80883e-010
999214,-3.67402e-010
999215,-7.93873e-010
999216,-6.45343e-010
999217,-3.68873e-010
999218,-8.41912e-010
999219,-3.42157e-010
999220,-3.53432e-010
999221,-3.32353e-010
999222,-7.38726e-010
999223,-4.78677e-010
999224,-6.20834e-010
999225,-1.81446e-009
999226,-6.13236e-010
999227,-4.59559e-010
999228,-3.14951e-010
999229,-1.61128e-009
999230,-7.10785e-010
999231,-9.02451e-010
999232,-3.38235e-010
999233,-4.25736e-010
999234,-1.28284e-009
999235,-8.45589e-010
999236,-5.29167e-010
999237,-9.07844e-010
999238,-8.45098e-010
999239,-9.13236e-010
999240,-3.92157e-010
999241,-1.03726e-009
999242,-3.92647e-010
999243,-1.11348e-009
999244,-6.16912e-010
999245,-7.66422e-010
999246,-1.00858e-009
999247,-6.01226e-010
999248,-6.69118e-010
999249,-3.27941e-010
999250,-8.91912e-010
999251,-4.44118e-010
999252,-3.31863e-010
999253,-1.01936e-009
999254,-1.29363e-009
999255,-1.4875e-009
999256,-3.44608e-010
999257,-5.75736e-010
999258,-8.27696e-010
999259,-5.32843e-010
999260,-2.98775e-010
999261,-1.275e-009
999262,-3.44363e-010
999263,-8e-010
999264,-7.29657e-010
999265,-5.41667e-010
999266,-1.31422e-009
999267,-9.46569e-010
999268,-1.39583e-009
999269,-5.7451e-010
999270,-9.78432e-010
999271,-3.89951e-010
999272,-4.33334e-010
999273,-5.93383e-010
999274,-4.33579e-010
999275,-8.12255e-010
999276,-3.36765e-010
999277,-2.56667e-009
999278,-1.16103e-009
999279,-7.4804e-010
999280,-8.6201e-010
999281,-1.18848e-009
999282,-1.10613e-009
999283,-5.94608e-010
999284,-7.06618e-010
999285,-1.22328e-009
999286,-9.13971e-010
999287,-1.80858e-009
999288,-5.05147e-010
999289,-6.93383e-010
999290,-2.93628e-010
999291,-9.01226e-010
999292,-6.26471e-010
999293,-8.31128e-010
999294,-2.0027e-009
999295,-1.01912e-009
999296,-9.31373e-010
999297,-1.2652e-009
999298,-1.81838e-009
999299,-9.81373e-010
999300,-1.06201e-009
999301,-1.00343e-009
999302,-7.81863e-010
999303,-5.06618e-010
999304,-1.64608e-009
999305,-1.22402e-009
999306,-9.3554e-010
999307,-5.30392e-010
999308,-3.71569e-010
999309,-1.05784e-009
999310,-9.46814e-010
999311,-1.20588e-009
999312,-1.11275e-009
999313,-6.88971e-010
999314,-1.34485e-009
999315,-1.12966e-009
999316,-1.09069e-009
999317,-4.90196e-010
999318,-3.19044e-009
999319,-2.90932e-010
999320,-4.93628e-010
999321,-7.2353e-010
999322,-5.93628e-010
999323,-1.31667e-009
999324,-5.41912e-010
999325,-1.09902e-009
999326,-3.28922e-010
999327,-5.85049e-010
999328,-7.86765e-010
999329,-6.90441e-010
999330,-6.23775e-010
999331,-5.06618e-010
999332,-4.54167e-010
999333,-1.6049e-009
999334,-5.6103e-010
999335,-1.11201e-009
999336,-7.13481e-010
999337,-1.98775e-009
999338,-9.46814e-010
999339,-1.40588e-009
999340,-7.80393e-010
999341,-1.34167e-009
999342,-5.22794e-010
999343,-9.22059e-010
999344,-4.49755e-010
999345,-3.70098e-010
999346,-3.42157e-010
999347,-5.58579e-010
999348,-1.24853e-009
999349,-3.90196e-010
999350,-4.69853e-010
999351,-7.13971e-010
999352,-1.62402e-009
999353,-7.625e-010
999354,-1.17427e-009
999355,-1.54167e-009
999356,-1.03309e-009
999357,-7.02451e-010
999358,-5.1103e-010
999359,-1.75172e-009
999360,-8.46814e-010
999361,-1.77696e-009
999362,-1.15833e-009
999363,-2.54118e-009
999364,-1.38186e-009
999365,-1.31961e-009
999366,-8.39461e-010
999367,-8.67893e-010
999368,-9.62991e-010
999369,-6.2353e-010
999370,-7.70098e-010
999371,-2.81887e-009
999372,-3.81618e-010
999373,-5.10049e-010
999374,-6.03677e-010
999375,-9.31618e-010
999376,-6.19363e-010
999377,-1.22672e-009
999378,-8.7402e-010
999379,-8.95834e-010
999380,-5.77451e-010
999381,-1.53039e-009
999382,-1.25686e-009
999383,-2.38382e-009
999384,-1.84583e-009
999385,-2.32623e-009
999386,-1.21078e-009
999387,-1.73186e-009
999388,-3.54412e-010
999389,-1.23456e-009
999390,-6.84804e-010
999391,-1.18603e-009
999392,-2.21054e-009
999393,-7.58089e-010
999394,-1.51544e-009
999395,-1.60809e-009
999396,-1.21936e-009
999397,-7.22794e-010
999398,-4.78922e-010
999399,-2.04485e-009
999400,-5.68138e-010
999401,-4.50736e-010
999402,-3.1103e-010
999403,-1.15637e-009
999404,-5.63726e-010
999405,-9.05638e-010
999406,-9.92647e-010
999407,-4.40441e-010
999408,-1.14461e-009
999409,-8.60049e-010
999410,-5.01471e-010
999411,-7.06373e-010
999412,-7.55392e-010
999413,-5.30883e-010
999414,-3.73039e-010
999415,-3.46324e-010
999416,-1.54338e-009
999417,-1.06177e-009
999418,-6.56373e-010
999419,-9.35295e-010
999420,-2.44069e-009
999421,-2.54363e-009
999422,-1.71079e-009
999423,-5.7451e-010
999424,-8.1054e-010
999425,-1.42181e-009
999426,-9.56618e-010
999427,-8.65442e-010
999428,-6.47794e-010
999429,-7.18383e-010
999430,-1.25858e-009
999431,-8.73775e-010
999432,-4.10539e-010
999433,-7.1054e-010
999434,-4.56618e-010
999435,-3.08088e-010
999436,-8.99265e-010
999437,-1.49608e-009
999438,-3.26471e-010
999439,-1.76887e-009
999440,-7.89216e-010
999441,-1.28775e-009
999442,-1.79485e-009
999443,-5.22059e-010
999444,-3.44608e-010
999445,-3.40932e-010
999446,-3.16667e-010
999447,-3.67157e-010
999448,-8.83579e-010
999449,-5.5049e-010
999450,-7.07108e-010
999451,-6.51961e-010
999452,-1.65907e-009
999453,-7.04657e-010
999454,-4.50981e-010
999455,-1.15392e-009
999456,-1.42672e-009
999457,-1.69829e-009
999458,-4.26961e-010
999459,-1.12181e-009
999460,-5.58579e-010
999461,-1.67549e-009
999462,-6.6799e-009
999463,-1.03284e-009
999464,-3.92402e-010
999465,-9.33824e-010
999466,-1.95907e-009
999467,-4.19853e-010
999468,-5.59559e-010
999469,-3.65686e-010
999470,-9.51226e-010
999471,-6.30147e-010
999472,-7.83579e-010
999473,-8.45589e-010
999474,-6.77696e-010
999475,-5.91912e-010
999476,-3.49755e-010
999477,-1.26985e-009
999478,-4.84559e-010
999479,-8.79167e-010
999480,-7.56128e-010
999481,-1.88726e-009
999482,-8.39216e-010
999483,-1.20319e-009
999484,-1.7973e-009
999485,-6.24265e-010
999486,-1.08603e-009
999487,-9.60295e-010
999488,-7.14216e-010
999489,-1.01912e-009
999490,-5.60294e-010
999491,-8.22059e-010
999492,-4.57843e-010
999493,-3.72304e-010
999494,-7.10785e-010
999495,-8.4804e-010
999496,-9.02942e-010
999497,-5.06863e-010
999498,-8.26961e-010
999499,-3.29657e-010
999500,-7.625e-010
999501,-6.29657e-010
999502,-1.27451e-009
999503,-3.04657e-010
999504,-3.32108e-010
999505,-8.49755e-010
999506,-8.60049e-010
999507,-6.25245e-010
999508,-3.07108e-010
999509,-3.75981e-010
999510,-1.05515e-009
999511,-6.6152e-010
999512,-1.28628e-009
999513,-5.3652e-010
999514,-1.10294e-009
999515,-1.36789e-009
999516,-9.65932e-010
999517,-5.03922e-010
999518,-2.25735e-009
999519,-2.87427e-009
999520,-5.07108e-010
999521,-6.48775e-010
999522,-3.91912e-010
999523,-7.29167e-010
999524,-4.46569e-010
999525,-9.65687e-010
999526,-4.72059e-010
999527,-1.63456e-009
999528,-1.68211e-009
999529,-5.91667e-010
999530,-4.96079e-010
999531,-3.98285e-010
999532,-3.47549e-010
999533,-7.55392e-010
999534,-4.18137e-010
999535,-8.94363e-010
999536,-9.80147e-010
999537,-1.16667e-009
999538,-8.81128e-010
999539,-3.45834e-010
999540,-1.15735e-009
999541,-8.64216e-010
999542,-3.43383e-010
999543,-1.62059e-009
999544,-1.34069e-009
999545,-2.22157e-009
999546,-1.30833e-009
999547,-1.19363e-009
999548,-1.50809e-009
999549,-8.00491e-010
999550,-3.26226e-010
999551,-1.08677e-009
999552,-3.54412e-010
999553,-3.33824e-010
999554,-3.12745e-010
999555,-9.30147e-010
999556,-5.2549e-010
999557,-2.01373e-009
999558,-4.19853e-010
999559,-2.3973e-009
999560,-1.80221e-009
999561,-4.9902e-010
999562,-2.55931e-009
999563,-5.53432e-010
999564,-4.53186e-010
999565,-1.63088e-009
999566,-6.52941e-010
999567,-4.31373e-010
999568,-1.07917e-009
999569,-1.4902e-009
999570,-3.97549e-010
999571,-9.51961e-010
999572,-7.3554e-010
999573,-1.24951e-009
999574,-5.20343e-010
999575,-9.69363e-010
999576,-1.40613e-009
999577,-3.71324e-010
999578,-7.4804e-010
999579,-7.59314e-010
999580,-3.86275e-010
999581,-8.82598e-010
999582,-5.58088e-010
999583,-5.38971e-010
999584,-1.7125e-009
999585,-6.49265e-010
999586,-1.59559e-009
999587,-1.57255e-009
999588,-3.61275e-010
999589,-1.91961e-009
999590,-6.66667e-010
999591,-9.9951e-010
999592,-9.53922e-010
999593,-8.39216e-010
999594,-4.6299e-010
999595,-1.19608e-009
999596,-6.70343e-010
999597,-6.42892e-010
999598,-1.61226e-009
999599,-9.07353e-010
999600,-3.37255e-010
999601,-9.90932e-010
999602,-8.77696e-010
999603,-1.01054e-009
999604,-7.14216e-010
999605,-5.50981e-010
999606,-1.24093e-009
999607,-4.0049e-010
999608,-2.40025e-009
999609,-1.0027e-009
999610,-1.36078e-009
999611,-6.37255e-010
999612,-9.01961e-010
999613,-1.33137e-009
999614,-1.16618e-009
999615,-1.34044e-009
999616,-3.72549e-010
999617,-2.56348e-009
999618,-1.19436e-009
999619,-6.50736e-010
999620,-3.98039e-010
999621,-6.35049e-010
999622,-1.27917e-009
999623,-8.38236e-010
999624,-8.24755e-010
999625,-1.06985e-009
999626,-8.23285e-010
999627,-1.50123e-009
999628,-4.25981e-010
999629,-1.10123e-009
999630,-5.60785e-010
999631,-8.39216e-010
999632,-1.09069e-009
999633,-1.74191e-009
999634,-3.05147e-010
999635,-1.29338e-009
999636,-3.30637e-010
999637,-4.02451e-010
999638,-9.54167e-010
999639,-2.59681e-009
999640,-6.58824e-010
999641,-2.65539e-009
999642,-4.79167e-010
999643,-2.93775e-009
999644,-7.30392e-010
999645,-5.93383e-010
999646,-1.06127e-009
999647,-2.36936e-009
999648,-7.18383e-010
999649,-8.05393e-010
999650,-6.125e-010
999651,-8.44363e-010
999652,-8.50736e-010
999653,-9.72304e-010
999654,-1.03162e-009
999655,-9.19363e-010
999656,-3.24265e-010
999657,-5.39706e-010
999658,-4.2451e-010
999659,-7.72059e-010
999660,-5.45588e-010
999661,-5.98775e-010
999662,-1.3973e-009
999663,-1.08284e-009
999664,-1.99878e-009
999665,-2.90441e-010
999666,-4.43383e-010
999667,-3.55392e-010
999668,-1.02549e-009
999669,-6.24265e-010
999670,-2.90932e-010
999671,-9.18138e-010
999672,-1.09706e-009
999673,-3.24755e-010
999674,-6.375e-010
999675,-3.16177e-010
999676,-7.64216e-010
999677,-1.20123e-009
999678,-4.91422e-010
999679,-2.65441e-010
999680,-6.79412e-010
999681,-1.05196e-009
999682,-3.2353e-010
999683,-6.625e-010
999684,-1.02647e-009
999685,-1.08824e-009
999686,-6.4804e-010
999687,-8.25736e-010
999688,-6.42647e-010
999689,-4.79412e-010
999690,-7.88726e-010
999691,-5.04902e-010
999692,-7.09069e-010
999693,-6.90196e-010
999694,-5.87255e-010
999695,-6.46814e-010
999696,-1.01961e-009
999697,-8.84804e-010
999698,-8.09804e-010
999699,-4.22059e-010
999700,-8.34804e-010
999701,-4.32843e-010
999702,-5.2402e-010
999703,-6.32843e-010
999704,-5.96324e-010
999705,-1.35809e-009
999706,-9.30638e-010
999707,-1.30392e-009
999708,-7.79167e-010
999709,-9.90197e-010
999710,-5.3799e-010
999711,-8.7304e-010
999712,-1.06201e-009
999713,-1.40662e-009
999714,-7.77451e-010
999715,-1.18578e-009
999716,-3.42647e-010
999717,-8.26471e-010
999718,-1.58578e-009
999719,-6.58089e-010
999720,-2.0473e-009
999721,-7.52451e-010
999722,-8.9804e-010
999723,-1.13922e-009
999724,-9.65687e-010
999725,-5.46079e-010
999726,-1.00417e-009
999727,-1.79216e-009
999728,-6.64951e-010
999729,-1.38456e-009
999730,-2.46569e-010
999731,-6.64706e-010
999732,-6.02206e-010
999733,-4.56373e-010
999734,-1.2875e-009
999735,-1.22353e-009
999736,-1.02108e-009
999737,-4.18383e-010
999738,-3.77696e-010
999739,-1.3598e-009
999740,-2.76618e-009
999741,-5.95098e-010
999742,-2.82843e-010
999743,-6.64706e-010
999744,-4.00735e-010
999745,-1.83407e-009
999746,-8.03187e-010
999747,-1.08505e-009
999748,-1.00221e-009
999749,-2.42892e-009
999750,-8.88971e-010
999751,-1.71054e-009
999752,-6.92647e-010
999753,-1.42917e-009
999754,-6.2402e-010
999755,-3.35784e-010
999756,-1.68529e-009
999757,-1.25686e-009
999758,-6.01961e-010
999759,-1.20539e-009
999760,-4.04412e-010
999761,-1.31985e-009
999762,-3.79412e-010
999763,-1.33382e-009
999764,-5.56618e-010
999765,-1.56495e-009
999766,-9.93873e-010
999767,-1.64167e-009
999768,-9.61275e-010
999769,-5.29657e-010
999770,-4.33162e-009
999771,-2.44804e-009
999772,-1.2402e-009
999773,-1.51226e-009
999774,-1.16814e-009
999775,-2.07525e-009
999776,-1.19289e-009
999777,-3.13235e-010
999778,-3.20343e-010
999779,-5.94608e-010
999780,-1.68677e-009
999781,-4.15196e-010
999782,-6.71324e-010
999783,-3.81863e-010
999784,-5.61275e-010
999785,-1.40172e-009
999786,-1.22476e-009
999787,-1.2201e-009
999788,-7.63481e-010
999789,-3.81618e-010
999790,-1.61814e-009
999791,-8.02206e-010
999792,-6.77206e-010
999793,-9.64461e-010
999794,-1.19878e-009
999795,-8.76471e-010
999796,-4.60049e-010
999797,-1.05221e-009
999798,-4.69363e-010
999799,-8.04167e-010
999800,-3.34804e-010
999801,-5.47059e-010
999802,-1.61397e-009
999803,-1.0402e-009
999804,-3.78432e-010
999805,-4.66912e-010
999806,-9.01961e-010
999807,-1.5223e-009
999808,-1.0951e-009
999809,-8.64951e-010
999810,-3.76716e-010
999811,-3.5049e-010
999812,-1.47157e-009
999813,-1.78579e-009
999814,-8.66177e-010
999815,-9.53187e-010
999816,-8.1152e-010
999817,-5.78187e-010
999818,-1.39142e-009
999819,-1.29853e-009
999820,-7.42157e-010
999821,-5.56618e-010
999822,-5.83089e-010
999823,-4.05883e-010
999824,-1.77966e-009
999825,-4.29167e-010
999826,-1.12451e-009
999827,-3.39706e-010
999828,-7.87255e-010
999829,-5.96569e-010
999830,-1.35392e-009
999831,-2.74265e-009
999832,-3.26716e-010
999833,-1.02353e-009
999834,-4.89951e-010
999835,-5.23039e-010
999836,-1.16863e-009
999837,-6.61765e-010
999838,-1.09191e-009
999839,-5.41912e-010
999840,-8.92647e-010
999841,-1.06201e-009
999842,-9.04167e-010
999843,-1.01422e-009
999844,-3.79167e-010
999845,-4.31618e-010
999846,-1.23873e-009
999847,-1.4473e-009
999848,-6.31618e-010
999849,-4.20834e-010
999850,-4.26471e-010
999851,-7.74265e-010
999852,-7.17402e-010
999853,-7.92157e-010
999854,-2.18799e-009
999855,-8.35785e-010
999856,-8.1152e-010
999857,-8.71814e-010
999858,-1.33088e-009
999859,-7.46814e-010
999860,-5.22794e-010
999861,-1.1152e-009
999862,-3.58088e-010
999863,-4.01226e-010
999864,-8.42402e-010
999865,-4.04412e-010
999866,-7.41912e-010
999867,-6.61765e-010
999868,-6.97794e-010
999869,-9.94118e-010
999870,-5.9902e-010
999871,-6.86275e-010
999872,-4.81936e-009
999873,-4.79657e-010
999874,-3.42647e-010
999875,-7.44853e-010
999876,-8.5e-010
999877,-3.39461e-010
999878,-1.71275e-009
999879,-6.65687e-010
999880,-9.06618e-010
999881,-1.02819e-009
999882,-3.08824e-010
999883,-9.34314e-010
999884,-4.40441e-010
999885,-6.54167e-010
999886,-6.65932e-010
999887,-7.62745e-010
999888,-2.21569e-009
999889,-3.62549e-009
999890,-1.41912e-009
999891,-1.01667e-009
999892,-1.54608e-009
999893,-7.05392e-010
999894,-4.60049e-010
999895,-7.88726e-010
999896,-8.22304e-010
999897,-1.08897e-009
999898,-4.29902e-010
999899,-7.10049e-010
999900,-5.83824e-010
999901,-4.125e-010
999902,-3.15196e-010
999903,-8.79412e-010
999904,-3.04314e-009
999905,-6.80638e-010
999906,-1.05588e-009
999907,-1.02917e-009
999908,-7.29412e-010
999909,-8.9804e-010
999910,-5.70343e-010
999911,-2.32843e-009
999912,-5.05147e-010
999913,-5.74265e-010
999914,-3.66422e-010
999915,-4.2549e-010
999916,-8.08334e-010
999917,-6.63236e-010
999918,-9.3603e-010
999919,-1.00049e-009
999920,-6.45343e-010
999921,-1.15956e-009
999922,-5.98285e-010
999923,-1.89632e-009
999924,-8.57598e-010
999925,-8.89951e-010
999926,-3.29412e-010
999927,-1.0826e-009
999928,-4.39706e-010
999929,-1.26324e-009
999930,-1.35196e-009
999931,-9.70344e-010
999932,-1.76128e-009
999933,-5.13971e-010
999934,-7.52206e-010
999935,-1.125e-009
999936,-1.44657e-009
999937,-1.58922e-009
999938,-4.19853e-010
999939,-5.70098e-010
999940,-4.33334e-010
999941,-8.72304e-010
999942,-7.78922e-010
999943,-3.41422e-010
999944,-5.99755e-010
999945,-5.07108e-010
999946,-1.79829e-009
999947,-3.43383e-010
999948,-8.91422e-010
999949,-1.13726e-009
999950,-1.16275e-009
999951,-5.34804e-010
999952,-4.26471e-010
999953,-7.28432e-010
999954,-5.89706e-010
999955,-1.41667e-009
999956,-4.1299e-010
999957,-5.24755e-010
999958,-3.69118e-010
999959,-5.44853e-010
999960,-9.86275e-010
999961,-1.00025e-009
999962,-3.72549e-010
999963,-1.09853e-009
999964,-3.62255e-010
999965,-5.45343e-010
999966,-6.04902e-010
999967,-1.38407e-009
999968,-4.56373e-010
999969,-1.10784e-009
999970,-4.09314e-010
999971,-9.93383e-010
999972,-5.35049e-010
999973,-9.8603e-010
999974,-1.13529e-009
999975,-7.62991e-010
999976,-9.20589e-010
999977,-1.45613e-009
999978,-5.28432e-010
999979,-5.33481e-009
999980,-7.25e-010
999981,-1.23431e-009
999982,-4.38236e-010
999983,-8.00736e-010
999984,-3.7353e-010
999985,-1.00147e-009
999986,-8.47549e-010
999987,-4.58334e-010
999988,-2.32623e-009
999989,-9.01422e-009
999990,-4.38726e-010
999991,-5.7402e-010
999992,-7.96079e-010
999993,-1.50123e-009
999994,-7.91422e-010
999995,-7.41177e-010
999996,-3.59314e-010
999997,-1.26348e-009
999998,-3.08088e-010
999999,-1.64044e-009
