LECROYWR104MXi,15731,Waveform
Segments,1,SegmentSize,1307
Segment,TrigTime,TimeSinceSegment1
#1,30-Nov-2012 14:07:50,0                 
Time,Ampl
998693,-2.87745e-010
998694,-3.55882e-010
998695,-2.94118e-010
998696,-1.77843e-009
998697,-8.06373e-010
998698,-1.07794e-009
998699,-1.53088e-009
998700,-1.88064e-009
998701,-4.60049e-010
998702,-7.23775e-010
998703,-2.95343e-010
998704,-8.56373e-010
998705,-4.84314e-010
998706,-6.43137e-010
998707,-6.88235e-010
998708,-4.06373e-010
998709,-1.11936e-009
998710,-1.24167e-009
998711,-5.82598e-010
998712,-4.16176e-010
998713,-1.05343e-009
998714,-5.86765e-010
998715,-4.28676e-010
998716,-8.84559e-010
998717,-1.31838e-009
998718,-7.70588e-010
998719,-3.83333e-010
998720,-5.42402e-010
998721,-1.13358e-009
998722,-5.46324e-010
998723,-8.77451e-010
998724,-1.58799e-009
998725,-4.42892e-010
998726,-1.7701e-009
998727,-1.07623e-009
998728,-9.81863e-010
998729,-1.0527e-009
998730,-9.60294e-010
998731,-5.66422e-010
998732,-5.41422e-010
998733,-8.37745e-010
998734,-3.20098e-010
998735,-9.91422e-010
998736,-3.07108e-010
998737,-3.43872e-010
998738,-4.79167e-010
998739,-6.27696e-010
998740,-3.07108e-010
998741,-5.53186e-010
998742,-6.54657e-010
998743,-7.46324e-010
998744,-1.34976e-009
998745,-8.57598e-010
998746,-1.27132e-009
998747,-6.31618e-010
998748,-1.10686e-009
998749,-5.96324e-010
998750,-8.15932e-010
998751,-3.39461e-010
998752,-3.40441e-010
998753,-3.53431e-010
998754,-1.15368e-009
998755,-3.58578e-010
998756,-7.33824e-010
998757,-8.13726e-010
998758,-9.47794e-010
998759,-7.90931e-010
998760,-5.44363e-010
998761,-2.85294e-010
998762,-9.23039e-010
998763,-8.39951e-010
998764,-1.35368e-009
998765,-7.18382e-010
998766,-5.78186e-010
998767,-3.32598e-010
998768,-1.7902e-009
998769,-3.97549e-010
998770,-3.03676e-010
998771,-7.70098e-010
998772,-5.17402e-010
998773,-6.65196e-010
998774,-7.38726e-010
998775,-8.04902e-010
998776,-7.43628e-010
998777,-3.97549e-010
998778,-5.2451e-010
998779,-1.04069e-009
998780,-1.55539e-009
998781,-1.19902e-009
998782,-3.42157e-010
998783,-4.51471e-010
998784,-8.39216e-010
998785,-7.61275e-010
998786,-6.02696e-010
998787,-7.92892e-010
998788,-8.69853e-010
998789,-8.43137e-010
998790,-1.01299e-009
998791,-1.5326e-009
998792,-3.77206e-010
998793,-1.2326e-009
998794,-4.85049e-010
998795,-1.13554e-009
998796,-3.02206e-010
998797,-9.16177e-010
998798,-5.02696e-010
998799,-3.22059e-010
998800,-5.16912e-010
998801,-5.54902e-010
998802,-1.01789e-009
998803,-8.85294e-010
998804,-9.56128e-010
998805,-9.8603e-010
998806,-5.7402e-010
998807,-4.04167e-010
998808,-6.41912e-010
998809,-9.81863e-010
998810,-6.96814e-010
998811,-4.07108e-010
998812,-5.83333e-010
998813,-7.28431e-010
998814,-1.57549e-009
998815,-7.26471e-010
998816,-6.07108e-010
998817,-1.35539e-009
998818,-5.09314e-010
998819,-1.51005e-009
998820,-4.71569e-010
998821,-5.69608e-010
998822,-4.45343e-010
998823,-6.25e-010
998824,-3.13971e-010
998825,-5.5098e-010
998826,-8.5049e-010
998827,-3.98529e-010
998828,-4.30637e-010
998829,-2.4027e-009
998830,-8.0049e-010
998831,-5.95588e-010
998832,-3.43627e-010
998833,-1.23358e-009
998834,-1.13358e-009
998835,-6.3848e-010
998836,-5.90686e-010
998837,-6.50735e-010
998838,-5.77206e-010
998839,-3.55147e-010
998840,-9.77451e-010
998841,-9.19853e-010
998842,-7.47549e-010
998843,-9.05637e-010
998844,-5.8652e-010
998845,-4.8652e-010
998846,-4.39216e-010
998847,-1.5598e-009
998848,-9.6299e-010
998849,-5.85784e-010
998850,-7.38235e-010
998851,-8.13971e-010
998852,-1.11544e-009
998853,-1.00809e-009
998854,-2.83578e-010
998855,-1.02476e-009
998856,-6.35784e-010
998857,-3.97549e-010
998858,-2.69363e-010
998859,-1.10613e-009
998860,-6.8701e-010
998861,-5.06863e-010
998862,-6.36765e-010
998863,-1.69951e-009
998864,-6.60539e-010
998865,-5.06863e-010
998866,-2.85049e-010
998867,-7.19363e-010
998868,-8.42647e-010
998869,-4.82598e-010
998870,-7.35784e-010
998871,-1.09069e-009
998872,-2.1223e-009
998873,-6.13971e-010
998874,-4.53186e-010
998875,-6.9951e-010
998876,-4.84804e-010
998877,-3.97304e-010
998878,-3.87745e-010
998879,-5.9902e-010
998880,-5.5098e-010
998881,-5.13726e-010
998882,-5.26471e-010
998883,-1.43873e-009
998884,-6.1201e-010
998885,-6.07843e-010
998886,-6.60539e-010
998887,-4.27451e-010
998888,-5.625e-010
998889,-4.57353e-010
998890,-4.03186e-010
998891,-4.48529e-010
998892,-9.13726e-010
998893,-1.14167e-009
998894,-1.81593e-009
998895,-5.53431e-010
998896,-5.75245e-010
998897,-6.26716e-010
998898,-4.93873e-010
998899,-6.36275e-010
998900,-7.97255e-009
998901,-1.19657e-009
998902,-1.10172e-009
998903,-4.01471e-010
998904,-7.96814e-010
998905,-4.64706e-010
998906,-8.37255e-010
998907,-4.0049e-010
998908,-7e-010
998909,-9.96814e-010
998910,-4.01225e-010
998911,-3.42647e-010
998912,-1.04265e-009
998913,-5.41667e-010
998914,-8.82353e-010
998915,-7.22549e-010
998916,-1.1424e-009
998917,-2.40319e-009
998918,-4.09314e-010
998919,-2.06226e-009
998920,-3.69118e-010
998921,-5.29167e-010
998922,-7.52941e-010
998923,-9.43873e-010
998924,-6.7549e-010
998925,-8.25e-010
998926,-5.53431e-010
998927,-6.77206e-010
998928,-5.60784e-010
998929,-6.2402e-010
998930,-4.04412e-010
998931,-4.40686e-010
998932,-9.04412e-010
998933,-5.96324e-010
998934,-5.53431e-010
998935,-5.06863e-010
998936,-3.8799e-010
998937,-8.01471e-010
998938,-4.2549e-010
998939,-3.52941e-010
998940,-7.55637e-010
998941,-3.31863e-010
998942,-3.52696e-010
998943,-7.65441e-010
998944,-7.34069e-010
998945,-7.49265e-010
998946,-1.13946e-009
998947,-6.62255e-010
998948,-2.6348e-010
998949,-7.09314e-010
998950,-9.00245e-010
998951,-3.98137e-009
998952,-3.46814e-010
998953,-2.95098e-010
998954,-7.08579e-010
998955,-3.71814e-010
998956,-7.16177e-010
998957,-4.19608e-010
998958,-4.94363e-010
998959,-8.4853e-010
998960,-1.58284e-009
998961,-2.2549e-009
998962,-5.84804e-010
998963,-3.78431e-010
998964,-3.77696e-010
998965,-8.31618e-010
998966,-8.52206e-010
998967,-6.63971e-010
998968,-3.11765e-010
998969,-7.96079e-010
998970,-5.76961e-010
998971,-7.3652e-010
998972,-4.11274e-010
998973,-1.26789e-009
998974,-1.25931e-009
998975,-3.7598e-010
998976,-3.82843e-010
998977,-2.97794e-010
998978,-7.85784e-010
998979,-5.10784e-010
998980,-6.36275e-010
998981,-6.70098e-010
998982,-9.01961e-010
998983,-1.14853e-009
998984,-3.76225e-010
998985,-7.53431e-010
998986,-2.8701e-010
998987,-6.68628e-010
998988,-7.34804e-010
998989,-6.48775e-010
998990,-1.08848e-009
998991,-9.31128e-010
998992,-5.4951e-010
998993,-6.35049e-010
998994,-1.58677e-009
998995,-8.09804e-010
998996,-6.94118e-010
998997,-1.26593e-009
998998,-6.40931e-010
998999,-7.36275e-010
999000,-3.38971e-010
999001,-5.22794e-010
999002,-1.15686e-009
999003,-5.1201e-010
999004,-1.14632e-009
999005,-9.54167e-010
999006,-9.29167e-010
999007,-4.8799e-010
999008,-7.55147e-010
999009,-3.75245e-010
999010,-5.49755e-010
999011,-5.07353e-010
999012,-1.01814e-009
999013,-6.22549e-010
999014,-7.40441e-010
999015,-9.88971e-010
999016,-1.14044e-009
999017,-5.70343e-010
999018,-6.66912e-010
999019,-9.3701e-010
999020,-7.75e-010
999021,-3.58823e-010
999022,-5.70343e-010
999023,-8.61275e-010
999024,-3.68382e-010
999025,-1.76054e-009
999026,-9.48775e-010
999027,-3.48039e-010
999028,-3.75735e-010
999029,-8.02696e-010
999030,-3.60049e-009
999031,-6.64461e-010
999032,-1.42181e-009
999033,-3.2549e-010
999034,-8.71569e-010
999035,-7.22549e-010
999036,-8.74265e-010
999037,-3.23529e-010
999038,-8e-010
999039,-4.0098e-010
999040,-7.43873e-010
999041,-6.81618e-010
999042,-4.94608e-010
999043,-1.30588e-009
999044,-4.61029e-010
999045,-4.86029e-010
999046,-4.45343e-010
999047,-3.52696e-010
999048,-5.62745e-010
999049,-9.48039e-010
999050,-4.73775e-010
999051,-3.95343e-010
999052,-8.72549e-010
999053,-2.85784e-010
999054,-1.70907e-009
999055,-4.44608e-010
999056,-4.67647e-010
999057,-1.8777e-009
999058,-3.12892e-009
999059,-5.73284e-010
999060,-1.40539e-009
999061,-2.87255e-010
999062,-4.50245e-010
999063,-9.875e-010
999064,-3.15931e-010
999065,-6.59314e-010
999066,-1.11887e-009
999067,-2.72794e-010
999068,-4.76471e-010
999069,-3.64951e-010
999070,-9.96814e-010
999071,-1.45735e-009
999072,-6.38726e-010
999073,-6.43628e-010
999074,-3.02696e-009
999075,-3.82843e-010
999076,-4.6201e-010
999077,-6.81128e-010
999078,-4.3799e-010
999079,-6.44118e-010
999080,-3.18872e-010
999081,-5.92157e-010
999082,-9.11275e-010
999083,-1.04779e-009
999084,-5.58824e-010
999085,-4.97304e-010
999086,-6.10784e-010
999087,-7.65441e-010
999088,-6.44118e-010
999089,-8.45098e-010
999090,-4.03431e-010
999091,-6.11029e-010
999092,-5.9902e-010
999093,-1.20172e-009
999094,-4.22794e-010
999095,-7.60294e-010
999096,-4.26225e-010
999097,-5.99755e-010
999098,-6.08578e-010
999099,-7.76716e-010
999100,-1.0826e-009
999101,-2.76961e-010
999102,-8.27941e-010
999103,-3.91912e-010
999104,-4.03186e-010
999105,-2.98039e-010
999106,-9.52451e-010
999107,-4.125e-010
999108,-7.79167e-010
999109,-4.71569e-010
999110,-7.40686e-010
999111,-3.88971e-010
999112,-4.70588e-010
999113,-1.15074e-009
999114,-6.57108e-010
999115,-7.31618e-010
999116,-7.3799e-010
999117,-4.62255e-010
999118,-7.89216e-010
999119,-1.39485e-009
999120,-1.01691e-009
999121,-8.5e-010
999122,-3.63971e-010
999123,-3.28186e-010
999124,-6.2598e-010
999125,-2.80882e-010
999126,-3.02206e-010
999127,-2.83823e-010
999128,-2.93137e-010
999129,-2.64951e-010
999130,-1.03578e-009
999131,-1.0451e-009
999132,-8.3701e-010
999133,-3.53186e-010
999134,-3.27696e-010
999135,-5.32108e-010
999136,-9.25735e-010
999137,-6.15196e-010
999138,-5.29657e-010
999139,-4.87255e-010
999140,-6.42892e-010
999141,-7.02941e-010
999142,-3.625e-010
999143,-3.46323e-010
999144,-5.19118e-010
999145,-4.90196e-010
999146,-1.08431e-009
999147,-6.54167e-010
999148,-5.35784e-010
999149,-4.8652e-010
999150,-1.00686e-009
999151,-1.26029e-009
999152,-1.09289e-009
999153,-3.84559e-010
999154,-3.97549e-010
999155,-7.35784e-010
999156,-4.19608e-010
999157,-3.57353e-010
999158,-4.81618e-010
999159,-5.97794e-010
999160,-8.72059e-010
999161,-5.15931e-010
999162,-4.25245e-010
999163,-5.46324e-010
999164,-8.00981e-010
999165,-1.16618e-009
999166,-1.44828e-009
999167,-5.8799e-010
999168,-7.90196e-010
999169,-3.0848e-009
999170,-7.33333e-010
999171,-4.875e-010
999172,-1.525e-009
999173,-8.75e-010
999174,-6.07108e-010
999175,-3.98774e-010
999176,-2.77451e-010
999177,-1.39853e-009
999178,-1.05466e-009
999179,-3.92647e-010
999180,-3.99265e-010
999181,-6.43137e-010
999182,-4.67892e-010
999183,-4.64706e-010
999184,-3.6201e-010
999185,-9.66177e-010
999186,-7.5049e-010
999187,-7.08579e-010
999188,-8.18628e-010
999189,-3.34314e-010
999190,-9.3701e-010
999191,-6.61275e-010
999192,-1.16691e-009
999193,-4.73284e-010
999194,-1.04461e-009
999195,-1.44412e-009
999196,-5.56127e-010
999197,-3.73039e-010
999198,-9.41422e-010
999199,-3.26471e-010
999200,-5.73529e-010
999201,-4.98284e-010
999202,-1.02402e-009
999203,-4.42647e-010
999204,-5.34069e-010
999205,-9.9853e-010
999206,-7.74755e-010
999207,-2.58529e-009
999208,-3.56152e-009
999209,-5.93137e-010
999210,-9.74755e-010
999211,-7.03922e-010
999212,-9.2353e-010
999213,-6.62255e-010
999214,-8.53432e-010
999215,-1.68113e-009
999216,-5.80392e-010
999217,-5.81618e-010
999218,-4.47059e-010
999219,-3.91422e-010
999220,-6.59314e-010
999221,-5.15441e-010
999222,-6.17402e-010
999223,-8.78432e-010
999224,-4.83824e-010
999225,-3.78431e-010
999226,-4.35784e-010
999227,-1.21814e-009
999228,-6.03431e-010
999229,-2.69118e-010
999230,-6.78431e-010
999231,-5.0098e-010
999232,-3.30147e-010
999233,-7.96814e-010
999234,-8.93383e-010
999235,-2.33186e-009
999236,-4.4902e-010
999237,-8.48775e-010
999238,-4.68873e-010
999239,-3.6201e-010
999240,-3.70588e-010
999241,-6.21324e-010
999242,-7.78677e-010
999243,-6.75735e-010
999244,-3.12255e-010
999245,-9.32353e-010
999246,-9.94118e-010
999247,-7.82843e-010
999248,-5.3848e-010
999249,-5.36765e-010
999250,-1.01348e-009
999251,-4.64216e-010
999252,-6.70098e-010
999253,-8.08333e-010
999254,-4.11029e-010
999255,-1.3424e-009
999256,-4.39216e-010
999257,-4.48039e-010
999258,-9.93873e-010
999259,-8.77206e-010
999260,-6.85784e-010
999261,-1.66275e-009
999262,-6.05392e-010
999263,-4.44363e-010
999264,-3.08088e-010
999265,-3.39216e-010
999266,-4.18627e-010
999267,-6.54657e-010
999268,-3.69412e-009
999269,-6.63971e-010
999270,-1.86887e-009
999271,-8.72549e-010
999272,-3.41667e-010
999273,-9.60784e-010
999274,-5.81863e-010
999275,-3.13235e-010
999276,-3.68873e-010
999277,-3.31618e-010
999278,-7.77941e-010
999279,-9.70343e-010
999280,-3.08823e-010
999281,-3.09804e-010
999282,-4.99265e-010
999283,-4.83333e-010
999284,-6.05637e-010
999285,-4.53676e-010
999286,-3.9902e-010
999287,-3.20098e-010
999288,-4.97304e-010
999289,-1.13284e-009
999290,-3.35294e-010
999291,-8.14216e-010
999292,-5.92892e-010
999293,-1.05539e-009
999294,-5.48039e-010
999295,-3.81618e-010
999296,-6.54167e-010
999297,-4.44118e-010
999298,-4.625e-010
999299,-1.15662e-009
999300,-5.42647e-010
999301,-4.42892e-010
999302,-5.16667e-010
999303,-5.35539e-010
999304,-8.4902e-010
999305,-5.64461e-010
999306,-2.77623e-009
999307,-9.07843e-010
999308,-7.31373e-010
999309,-4.91667e-010
999310,-1.13162e-009
999311,-5.15686e-010
999312,-7.78186e-010
999313,-6.18137e-010
999314,-5.58824e-010
999315,-6.63726e-010
999316,-4.73284e-010
999317,-9.56863e-010
999318,-8.87255e-010
999319,-3.83578e-010
999320,-7.58579e-010
999321,-6.13726e-010
999322,-3.27941e-010
999323,-3.91422e-010
999324,-7.69853e-010
999325,-6.60294e-010
999326,-8.43628e-010
999327,-7.1152e-010
999328,-4.78431e-010
999329,-6.81128e-010
999330,-1.25931e-009
999331,-5.68137e-010
999332,-6.3799e-010
999333,-1.7201e-009
999334,-7.81618e-010
999335,-9.82843e-010
999336,-1.27108e-009
999337,-1.09681e-009
999338,-5.61765e-010
999339,-3.48039e-010
999340,-1.08284e-009
999341,-8.47794e-010
999342,-1.25686e-009
999343,-3.45588e-010
999344,-4.6348e-010
999345,-3.88971e-010
999346,-5.63235e-010
999347,-9.18383e-010
999348,-6.50245e-010
999349,-1.26642e-009
999350,-1.29853e-009
999351,-6.22549e-010
999352,-6.00735e-010
999353,-6.41667e-010
999354,-7.58579e-010
999355,-4.52206e-010
999356,-4.1348e-010
999357,-1.08333e-009
999358,-6.08333e-010
999359,-8.48039e-010
999360,-7.27696e-010
999361,-1.46275e-009
999362,-9.51961e-010
999363,-2.96078e-010
999364,-7.04902e-010
999365,-2.80882e-010
999366,-2.40809e-009
999367,-6.55637e-010
999368,-6.75245e-010
999369,-9.30883e-010
999370,-5.57843e-010
999371,-6.81863e-010
999372,-1.40956e-009
999373,-5.36029e-010
999374,-2.38873e-009
999375,-5.81618e-010
999376,-3.65441e-010
999377,-5.68382e-010
999378,-1.20368e-009
999379,-9.06128e-010
999380,-5.15931e-010
999381,-7.59069e-010
999382,-3.95833e-010
999383,-2.80147e-010
999384,-2.83823e-010
999385,-9.10294e-010
999386,-4.58824e-010
999387,-7.64951e-010
999388,-8.25245e-010
999389,-5.19608e-010
999390,-5.82843e-010
999391,-7.60049e-010
999392,-3.82108e-010
999393,-5.82353e-010
999394,-3.30882e-010
999395,-4.18137e-010
999396,-6.24755e-010
999397,-6.88971e-010
999398,-8.04902e-010
999399,-1.20368e-009
999400,-5.86029e-010
999401,-6.93137e-010
999402,-1.02623e-009
999403,-4.88725e-010
999404,-6.96324e-010
999405,-6.14216e-010
999406,-6.88235e-010
999407,-3.09559e-010
999408,-9.97059e-010
999409,-7.96814e-010
999410,-9.20588e-010
999411,-4.84314e-010
999412,-5.44118e-010
999413,-3.90931e-010
999414,-1.0701e-009
999415,-4.06373e-010
999416,-5.25245e-010
999417,-4.3799e-010
999418,-8.39706e-010
999419,-3.56618e-010
999420,-1.13382e-009
999421,-5.22304e-010
999422,-4.875e-010
999423,-8.11275e-010
999424,-6.42647e-010
999425,-3.4902e-010
999426,-1.80564e-009
999427,-7.7451e-010
999428,-1.67476e-009
999429,-6.68628e-010
999430,-4.69363e-010
999431,-4.39216e-010
999432,-7.24265e-010
999433,-3.47794e-010
999434,-3.03431e-010
999435,-8.6299e-010
999436,-8.84314e-010
999437,-9.89706e-010
999438,-9.25735e-010
999439,-5.82843e-010
999440,-3.15196e-010
999441,-4.16667e-010
999442,-1.1973e-009
999443,-3.63235e-010
999444,-3.9951e-010
999445,-5.14706e-010
999446,-1.15319e-009
999447,-3.3848e-010
999448,-9.23039e-010
999449,-5.70588e-010
999450,-3.81373e-010
999451,-3.80637e-010
999452,-3.83823e-010
999453,-7.7549e-010
999454,-7.43137e-010
999455,-4.66667e-010
999456,-7.05882e-010
999457,-6.91912e-010
999458,-4.79902e-010
999459,-6.44608e-010
999460,-7.33579e-010
999461,-5.16176e-010
999462,-8.16177e-010
999463,-1.00931e-009
999464,-8.90932e-010
999465,-4.43382e-010
999466,-3.64461e-010
999467,-7.97059e-010
999468,-1.84216e-009
999469,-5.94853e-010
999470,-6.58088e-010
999471,-5.01961e-010
999472,-7.36765e-010
999473,-7.80637e-010
999474,-4.95833e-010
999475,-1.02647e-009
999476,-5.68382e-010
999477,-5.54412e-010
999478,-4.29167e-010
999479,-6.01716e-010
999480,-1.24265e-009
999481,-3.94363e-010
999482,-4.11765e-010
999483,-6.81618e-010
999484,-3.15686e-010
999485,-7.52696e-010
999486,-5.18627e-010
999487,-5.44363e-010
999488,-3.08333e-010
999489,-3.85294e-010
999490,-5.58088e-010
999491,-7.25735e-010
999492,-3.5e-010
999493,-5.4951e-010
999494,-7.38971e-010
999495,-6.67402e-010
999496,-4.92892e-010
999497,-4.74265e-010
999498,-7.33824e-010
999499,-4.56863e-010
999500,-7.87745e-010
999501,-5.41667e-010
999502,-6.65196e-010
999503,-6.70343e-010
999504,-3.3701e-010
999505,-6.23039e-010
999506,-7.15441e-010
999507,-7.30882e-010
999508,-5.04902e-010
999509,-6.56128e-010
999510,-4.51961e-010
999511,-1.79902e-009
999512,-6.34069e-010
999513,-4.34069e-010
999514,-1.41029e-009
999515,-5.50735e-010
999516,-7.06863e-010
999517,-7.50735e-010
999518,-7.63971e-010
999519,-3.09559e-010
999520,-6.93382e-010
999521,-7.26716e-010
999522,-7.2353e-010
999523,-5.60049e-010
999524,-7.09559e-010
999525,-7.63726e-010
999526,-3.14951e-010
999527,-3.52206e-010
999528,-3.9902e-010
999529,-4.26471e-010
999530,-7.58333e-010
999531,-3.03922e-010
999532,-2.2098e-009
999533,-4.67892e-010
999534,-6.00245e-010
999535,-6.43137e-010
999536,-8.07598e-010
999537,-1.38971e-009
999538,-3.74265e-010
999539,-6.38235e-010
999540,-7.01961e-010
999541,-3.39706e-010
999542,-8.09804e-010
999543,-1.28897e-009
999544,-5.10539e-010
999545,-3.65196e-010
999546,-7.71814e-010
999547,-9.1103e-010
999548,-3.98284e-010
999549,-5.53186e-010
999550,-1.35441e-009
999551,-4.64216e-010
999552,-1.16789e-009
999553,-9.77451e-010
999554,-7.80882e-010
999555,-9.82108e-010
999556,-8.33824e-010
999557,-1.9576e-009
999558,-2.66176e-010
999559,-6.62255e-010
999560,-7.05637e-010
999561,-9.58824e-010
999562,-4.91667e-010
999563,-6.06618e-010
999564,-9.2549e-010
999565,-5.08824e-010
999566,-5.2598e-010
999567,-6.4951e-010
999568,-5.59069e-010
999569,-5.13971e-010
999570,-3.80147e-010
999571,-6.53186e-010
999572,-3.99265e-010
999573,-5.76471e-010
999574,-6.20098e-010
999575,-2.8799e-010
999576,-4.73529e-010
999577,-9.46814e-010
999578,-7.28922e-010
999579,-4.25735e-010
999580,-4.65196e-010
999581,-6.09314e-010
999582,-5.88971e-010
999583,-5.00245e-010
999584,-7.38235e-010
999585,-5.22794e-010
999586,-7.11765e-010
999587,-1.08848e-009
999588,-1.03676e-009
999589,-7.01961e-010
999590,-4.16667e-010
999591,-8.44853e-010
999592,-7.58333e-010
999593,-5.50245e-010
999594,-5.99755e-010
999595,-3.24265e-010
999596,-5.74755e-010
999597,-5.875e-010
999598,-1.28529e-009
999599,-3.83333e-010
999600,-7.04657e-010
999601,-8.15932e-010
999602,-9.32353e-010
999603,-1.33652e-009
999604,-5.6152e-010
999605,-3.20098e-010
999606,-7.52696e-010
999607,-3.66422e-010
999608,-5.83088e-010
999609,-4.89706e-010
999610,-8.15932e-010
999611,-9.39216e-010
999612,-6.57843e-010
999613,-5.31127e-010
999614,-6.50735e-010
999615,-3.15441e-010
999616,-4.83088e-010
999617,-1.04706e-009
999618,-7.6299e-010
999619,-7.87745e-010
999620,-9.16912e-010
999621,-5.82598e-010
999622,-4.70343e-010
999623,-5.26226e-010
999624,-6.29167e-010
999625,-8.25e-010
999626,-5.17892e-010
999627,-7.22059e-010
999628,-8.51226e-010
999629,-8.38726e-010
999630,-1.13873e-009
999631,-7.2451e-010
999632,-7.95343e-010
999633,-2.17549e-009
999634,-3.57108e-010
999635,-4.60784e-010
999636,-3.14951e-010
999637,-3.06863e-010
999638,-8.33824e-010
999639,-5.12745e-010
999640,-8.61765e-010
999641,-6.31618e-010
999642,-5.89461e-010
999643,-8.71324e-010
999644,-8.625e-010
999645,-3.04412e-010
999646,-5.32598e-010
999647,-9.37745e-010
999648,-3.64461e-010
999649,-1.04608e-009
999650,-5.58824e-010
999651,-3.66667e-010
999652,-4.05882e-010
999653,-2.84314e-010
999654,-1.14804e-009
999655,-1.03431e-009
999656,-6.8701e-010
999657,-1.08358e-009
999658,-3.32108e-010
999659,-1.09559e-009
999660,-8.00981e-010
999661,-7.56618e-010
999662,-6.47794e-010
999663,-1.43039e-009
999664,-6.45833e-010
999665,-3.38971e-010
999666,-7.1152e-010
999667,-4.64951e-010
999668,-9.70098e-010
999669,-3.77206e-010
999670,-5.76961e-010
999671,-6.2402e-010
999672,-1.67966e-009
999673,-9.77941e-010
999674,-5.14216e-010
999675,-6.83333e-010
999676,-3.52696e-010
999677,-7.06128e-010
999678,-7.52941e-010
999679,-9.16422e-010
999680,-6.99265e-010
999681,-3.17157e-010
999682,-1.8527e-009
999683,-1.49461e-009
999684,-8.64216e-010
999685,-6.52451e-010
999686,-8.04657e-010
999687,-5.97794e-010
999688,-7.78431e-010
999689,-1.06985e-009
999690,-6.11765e-010
999691,-8.54902e-010
999692,-1.07892e-009
999693,-6.0098e-010
999694,-3.8701e-010
999695,-3.84069e-010
999696,-3.72794e-010
999697,-5.79657e-010
999698,-5.73039e-010
999699,-5.86765e-010
999700,-3.21814e-010
999701,-6.27451e-010
999702,-4.96814e-010
999703,-4.71324e-010
999704,-5.68873e-010
999705,-3.43627e-010
999706,-9.61765e-010
999707,-3.99755e-010
999708,-1.00098e-009
999709,-5.20343e-010
999710,-1.17108e-009
999711,-5.33578e-010
999712,-6.47794e-010
999713,-1.0598e-009
999714,-5.29167e-010
999715,-1.0402e-009
999716,-7.32108e-010
999717,-6.67402e-010
999718,-5.36765e-010
999719,-3.77696e-010
999720,-4.75245e-010
999721,-1.42721e-009
999722,-4.28676e-010
999723,-9.00245e-010
999724,-1.14363e-009
999725,-4.87255e-010
999726,-2.02525e-009
999727,-1.61275e-009
999728,-1.22328e-009
999729,-1.40711e-009
999730,-3.84804e-010
999731,-5.86275e-010
999732,-6.43137e-010
999733,-1.0701e-009
999734,-4.64706e-010
999735,-7.32843e-010
999736,-5.38235e-010
999737,-1.8951e-009
999738,-5.9951e-010
999739,-3.73774e-010
999740,-1.31397e-009
999741,-2.34167e-009
999742,-8.95833e-010
999743,-9.45588e-010
999744,-6.8701e-010
999745,-1.68186e-009
999746,-8.66667e-010
999747,-6.43628e-010
999748,-7.84314e-010
999749,-4.75245e-010
999750,-4.61765e-010
999751,-1.1326e-009
999752,-3.70343e-010
999753,-1.03554e-009
999754,-5.15686e-010
999755,-7.20833e-010
999756,-5.31127e-010
999757,-8.3603e-010
999758,-7.6201e-010
999759,-6.60539e-010
999760,-7.9951e-010
999761,-5.92402e-010
999762,-1.0625e-009
999763,-6.54167e-010
999764,-6.83579e-010
999765,-7.58088e-010
999766,-3.43382e-010
999767,-8.14216e-010
999768,-1.42083e-009
999769,-5.04167e-010
999770,-6.6201e-010
999771,-4.875e-010
999772,-4.08088e-010
999773,-7.68382e-010
999774,-3.51716e-010
999775,-3.49755e-010
999776,-3.39951e-010
999777,-6.92647e-010
999778,-5.69118e-010
999779,-4.76961e-010
999780,-4.92402e-010
999781,-7.22794e-010
999782,-4.15931e-010
999783,-3.26961e-010
999784,-3.47059e-010
999785,-3.59069e-010
999786,-1.39142e-009
999787,-6.78677e-010
999788,-3.70833e-010
999789,-6.17647e-010
999790,-9.99755e-010
999791,-6.74265e-010
999792,-4.03676e-010
999793,-9.77696e-010
999794,-7.28677e-010
999795,-5.1152e-010
999796,-2.77696e-010
999797,-1.48701e-009
999798,-3.77696e-010
999799,-5.80637e-010
999800,-4.04657e-010
999801,-3.18872e-010
999802,-8.6201e-010
999803,-3.55392e-010
999804,-6.94118e-010
999805,-1.41691e-009
999806,-1.32059e-009
999807,-3.44363e-010
999808,-4.83088e-010
999809,-4.21078e-010
999810,-5.07598e-010
999811,-5.08824e-010
999812,-1.09485e-009
999813,-4.90441e-010
999814,-4.02206e-010
999815,-9.94608e-010
999816,-6.10049e-010
999817,-6.93873e-010
999818,-7.37255e-010
999819,-1.64951e-009
999820,-1.23971e-009
999821,-4.85294e-010
999822,-3.38725e-010
999823,-6.1152e-010
999824,-7.30637e-010
999825,-3.42402e-010
999826,-1.51569e-009
999827,-7.66667e-010
999828,-9.03432e-010
999829,-8.69608e-010
999830,-6.68382e-010
999831,-1.15368e-009
999832,-6.08333e-010
999833,-3.15686e-010
999834,-7.69363e-010
999835,-7.08333e-010
999836,-5.48775e-010
999837,-6.52696e-010
999838,-5.67402e-010
999839,-4.05392e-010
999840,-8.98775e-010
999841,-8.52696e-010
999842,-8.81373e-010
999843,-1.00564e-009
999844,-7.11275e-010
999845,-1.72672e-009
999846,-1.35294e-009
999847,-6.46569e-010
999848,-1.11471e-009
999849,-1.13333e-009
999850,-3.65931e-010
999851,-4.98284e-010
999852,-5.29167e-010
999853,-1.52451e-009
999854,-6.71079e-010
999855,-3.03431e-010
999856,-9.56128e-010
999857,-5.92402e-010
999858,-1.68382e-009
999859,-6.39461e-010
999860,-8.33824e-010
999861,-4.0098e-010
999862,-6.91177e-010
999863,-6.99755e-010
999864,-5.15686e-010
999865,-1.16495e-009
999866,-3.13971e-010
999867,-5.45343e-010
999868,-5.31127e-010
999869,-2.19755e-009
999870,-5.84069e-010
999871,-4.68627e-010
999872,-4.45343e-010
999873,-4.69608e-010
999874,-8.34069e-010
999875,-4.01471e-010
999876,-1.3402e-009
999877,-3.72794e-010
999878,-4.66912e-010
999879,-1.31985e-009
999880,-9.01471e-010
999881,-7.92402e-010
999882,-1.48824e-009
999883,-1.35172e-009
999884,-6.07108e-010
999885,-9.45834e-010
999886,-1.37402e-009
999887,-8.17647e-010
999888,-4.52206e-010
999889,-3.92892e-010
999890,-6.20343e-010
999891,-1.88799e-009
999892,-4.53676e-010
999893,-3.99265e-010
999894,-1.38186e-009
999895,-1.56177e-009
999896,-5.08824e-010
999897,-4.97794e-010
999898,-7.375e-010
999899,-8.65441e-010
999900,-8.77451e-010
999901,-6.75e-010
999902,-5.79167e-010
999903,-3.52206e-010
999904,-6.76961e-010
999905,-1.2723e-009
999906,-7.26471e-010
999907,-3.32843e-010
999908,-2.95196e-009
999909,-2.10343e-009
999910,-7.98775e-010
999911,-3.35539e-010
999912,-3.87255e-010
999913,-6.70098e-010
999914,-5.51471e-010
999915,-9.61765e-010
999916,-9.25981e-010
999917,-6.00735e-010
999918,-1.43897e-009
999919,-4.00735e-010
999920,-6.84069e-010
999921,-3.05392e-010
999922,-1.01054e-009
999923,-1.12157e-009
999924,-3.49265e-010
999925,-6.57353e-010
999926,-1.18211e-009
999927,-4.3652e-010
999928,-1.18578e-009
999929,-1.49436e-009
999930,-5.01471e-010
999931,-3.32353e-010
999932,-1.10245e-009
999933,-5.86029e-010
999934,-7.88235e-010
999935,-4.39216e-010
999936,-4.81863e-010
999937,-1.1973e-009
999938,-1.03162e-009
999939,-8.10049e-010
999940,-6.125e-010
999941,-1.20564e-009
999942,-4.59069e-010
999943,-1.10343e-009
999944,-3.98774e-010
999945,-4.46324e-010
999946,-3.2451e-009
999947,-3.33088e-010
999948,-8.46569e-010
999949,-1.16544e-009
999950,-6.54657e-010
999951,-6.65196e-010
999952,-5.6201e-010
999953,-7.16912e-010
999954,-3.82108e-010
999955,-1.80294e-009
999956,-4.17892e-010
999957,-7.19853e-010
999958,-2.0027e-009
999959,-4.26961e-010
999960,-5.35294e-010
999961,-1.12426e-009
999962,-6.11765e-010
999963,-3.96814e-010
999964,-2.71078e-010
999965,-6.5098e-010
999966,-1.03235e-009
999967,-8.41912e-010
999968,-5.05637e-010
999969,-8.40932e-010
999970,-5.40441e-010
999971,-7.56618e-010
999972,-7.90441e-010
999973,-1.26152e-009
999974,-3.70588e-010
999975,-8.26226e-010
999976,-4.89216e-010
999977,-4.68873e-010
999978,-7.58088e-010
999979,-9.40196e-010
999980,-7.9902e-010
999981,-5.19608e-010
999982,-1.93971e-009
999983,-1.03848e-009
999984,-7.7402e-010
999985,-3.56127e-010
999986,-1.55833e-009
999987,-4.32843e-010
999988,-5.28431e-010
999989,-4.15686e-010
999990,-3.48039e-010
999991,-3.41912e-010
999992,-4.76471e-010
999993,-1.03824e-009
999994,-1.21716e-009
999995,-8.00981e-010
999996,-7.62745e-010
999997,-5.40931e-010
999998,-2.97794e-010
999999,-2.60294e-010
