LECROYWR104MXi,15731,Waveform
Segments,1,SegmentSize,1517
Segment,TrigTime,TimeSinceSegment1
#1,02-Dec-2012 09:09:40,0                 
Time,Ampl
998483,-1.28879e-010
998484,-1.11716e-010
998485,-1.13585e-010
998486,-2.18787e-010
998487,-1.31955e-010
998488,-1.54008e-010
998489,-1.43039e-010
998490,-1.27935e-010
998491,-1.70196e-010
998492,-1.59755e-010
998493,-1.74216e-010
998494,-1.30558e-010
998495,-1.88015e-010
998496,-1.85466e-010
998497,-1.70196e-010
998498,-1.50423e-010
998499,-1.54927e-010
998500,-2.08187e-010
998501,-1.85509e-010
998502,-1.59283e-010
998503,-1.59461e-010
998504,-1.49155e-010
998505,-2.04908e-010
998506,-1.78824e-010
998507,-1.90527e-010
998508,-1.547e-010
998509,-1.89823e-010
998510,-1.70392e-010
998511,-1.66998e-010
998512,-1.35809e-010
998513,-1.23082e-010
998514,-1.78517e-010
998515,-1.78867e-010
998516,-1.61814e-010
998517,-1.73946e-010
998518,-1.34498e-010
998519,-1.61685e-010
998520,-1.54982e-010
998521,-8.29597e-011
998522,-6.87991e-011
998523,-9.038e-011
998524,-1.2152e-010
998525,-1.50564e-010
998526,-1.53009e-010
998527,-1.79326e-010
998528,-1.83432e-010
998529,-1.18922e-010
998530,-2.06704e-010
998531,-1.53787e-010
998532,-1.8103e-010
998533,-1.90821e-010
998534,-2.17543e-010
998535,-1.7674e-010
998536,-2.07623e-010
998537,-2.0212e-010
998538,-1.96986e-010
998539,-1.79914e-010
998540,-1.94136e-010
998541,-1.34921e-010
998542,-2.08597e-010
998543,-1.88707e-010
998544,-2.10374e-010
998545,-1.66937e-010
998546,-1.64657e-010
998547,-1.76685e-010
998548,-2.01802e-010
998549,-2.10527e-010
998550,-1.65153e-010
998551,-1.54596e-010
998552,-1.96912e-010
998553,-1.71734e-010
998554,-1.97831e-010
998555,-1.70595e-010
998556,-1.66489e-010
998557,-1.4364e-010
998558,-1.75999e-010
998559,-1.9997e-010
998560,-1.86789e-010
998561,-1.73217e-010
998562,-1.63812e-010
998563,-1.8141e-010
998564,-1.41091e-010
998565,-1.84663e-010
998566,-1.8565e-010
998567,-1.83444e-010
998568,-1.82678e-010
998569,-1.56183e-010
998570,-2.02402e-010
998571,-2.11949e-010
998572,-2.16624e-010
998573,-1.74651e-010
998574,-1.75919e-010
998575,-1.77445e-010
998576,-2.08468e-010
998577,-1.76201e-010
998578,-1.47427e-010
998579,-1.88965e-010
998580,-1.68315e-010
998581,-1.91881e-010
998582,-1.53805e-010
998583,-2.00803e-010
998584,-1.78989e-010
998585,-1.39277e-010
998586,-1.82537e-010
998587,-1.80797e-010
998588,-1.95104e-010
998589,-1.96465e-010
998590,-1.65644e-010
998591,-1.89247e-010
998592,-1.75319e-010
998593,-1.64044e-010
998594,-1.82641e-010
998595,-1.2614e-010
998596,-1.52139e-010
998597,-2.11287e-010
998598,-1.65601e-010
998599,-1.91636e-010
998600,-1.6326e-010
998601,-1.81771e-010
998602,-1.85135e-010
998603,-1.73664e-010
998604,-1.49081e-010
998605,-1.42782e-010
998606,-1.94326e-010
998607,-1.6508e-010
998608,-1.29369e-010
998609,-1.23879e-010
998610,-1.79565e-010
998611,-1.90411e-010
998612,-1.73965e-010
998613,-1.56403e-010
998614,-1.59675e-010
998615,-1.85202e-010
998616,-1.80031e-010
998617,-1.82702e-010
998618,-1.82819e-010
998619,-1.92702e-010
998620,-2.00944e-010
998621,-1.8671e-010
998622,-1.8731e-010
998623,-1.96998e-010
998624,-1.71287e-010
998625,-2.38922e-010
998626,-1.87261e-010
998627,-1.86759e-010
998628,-2.10172e-010
998629,-1.66079e-010
998630,-2.2402e-010
998631,-1.8497e-010
998632,-1.31979e-010
998633,-1.68315e-010
998634,-1.50141e-010
998635,-1.69792e-010
998636,-1.53395e-010
998637,-1.88812e-010
998638,-2.03475e-010
998639,-1.76998e-010
998640,-1.60061e-010
998641,-1.54645e-010
998642,-1.8027e-010
998643,-1.64351e-010
998644,-1.62071e-010
998645,-1.55209e-010
998646,-1.75178e-010
998647,-1.43052e-010
998648,-1.70172e-010
998649,-1.63732e-010
998650,-1.91832e-010
998651,-1.85392e-010
998652,-1.59063e-010
998653,-1.45686e-010
998654,-1.68468e-010
998655,-2.07212e-010
998656,-1.64761e-010
998657,-1.79914e-010
998658,-1.59841e-010
998659,-2.07635e-010
998660,-1.83291e-010
998661,-1.8497e-010
998662,-1.96796e-010
998663,-1.73732e-010
998664,-1.85098e-010
998665,-1.72531e-010
998666,-1.48775e-010
998667,-2.2269e-010
998668,-1.8315e-010
998669,-1.78867e-010
998670,-2.08597e-010
998671,-1.78236e-010
998672,-1.64222e-010
998673,-1.76471e-010
998674,-1.8766e-010
998675,-1.81783e-010
998676,-1.78585e-010
998677,-1.78952e-010
998678,-1.84841e-010
998679,-2.17825e-010
998680,-2.00049e-010
998681,-1.8693e-010
998682,-2.16287e-010
998683,-1.88144e-010
998684,-1.74437e-010
998685,-1.59792e-010
998686,-1.56299e-010
998687,-1.73707e-010
998688,-1.57206e-010
998689,-1.80925e-010
998690,-2.05705e-010
998691,-1.62672e-010
998692,-1.91777e-010
998693,-1.57782e-010
998694,-1.82641e-010
998695,-1.86367e-010
998696,-1.89167e-010
998697,-2.1231e-010
998698,-1.95527e-010
998699,-1.81446e-010
998700,-1.28346e-010
998701,-2.1008e-010
998702,-1.73346e-010
998703,-1.78187e-010
998704,-1.57874e-010
998705,-1.33628e-010
998706,-1.75392e-010
998707,-1.97077e-010
998708,-1.86085e-010
998709,-2.12078e-010
998710,-2.15239e-010
998711,-1.81642e-010
998712,-2.00754e-010
998713,-2.00625e-010
998714,-1.71489e-010
998715,-1.92672e-010
998716,-1.88027e-010
998717,-1.99332e-010
998718,-2.03426e-010
998719,-2.0193e-010
998720,-1.69608e-010
998721,-1.74522e-010
998722,-1.80607e-010
998723,-2.03377e-010
998724,-1.6864e-010
998725,-1.86912e-010
998726,-1.82255e-010
998727,-1.50552e-010
998728,-1.36943e-010
998729,-2.02133e-010
998730,-1.99253e-010
998731,-1.84559e-010
998732,-1.78609e-010
998733,-1.75448e-010
998734,-1.43548e-010
998735,-1.6614e-010
998736,-2.06649e-010
998737,-1.5201e-010
998738,-1.61189e-010
998739,-1.31109e-010
998740,-1.89437e-010
998741,-1.77531e-010
998742,-1.91563e-010
998743,-1.66753e-010
998744,-1.84032e-010
998745,-1.62966e-010
998746,-1.84381e-010
998747,-2.03144e-010
998748,-2.02709e-010
998749,-2.06765e-010
998750,-1.65858e-010
998751,-1.52598e-010
998752,-1.63775e-010
998753,-1.89963e-010
998754,-2.11783e-010
998755,-2.16287e-010
998756,-2.14908e-010
998757,-2.05527e-010
998758,-2.02825e-010
998759,-2.01017e-010
998760,-1.79271e-010
998761,-1.84767e-010
998762,-1.76967e-010
998763,-1.64093e-010
998764,-1.86532e-010
998765,-1.69982e-010
998766,-2.1356e-010
998767,-1.33848e-010
998768,-1.56698e-010
998769,-1.83101e-010
998770,-2.09878e-010
998771,-1.52984e-010
998772,-1.68971e-010
998773,-1.65209e-010
998774,-1.88156e-010
998775,-1.96183e-010
998776,-1.52353e-010
998777,-1.65821e-010
998778,-1.7125e-010
998779,-1.84032e-010
998780,-2.00852e-010
998781,-2.00595e-010
998782,-1.79326e-010
998783,-1.63456e-010
998784,-1.72463e-010
998785,-2.16649e-010
998786,-1.98039e-010
998787,-1.71299e-010
998788,-2.03812e-010
998789,-2.10699e-010
998790,-1.93517e-010
998791,-1.5731e-010
998792,-1.77905e-010
998793,-1.9864e-010
998794,-1.77825e-010
998795,-2.16085e-010
998796,-1.66716e-010
998797,-1.67751e-010
998798,-1.97016e-010
998799,-2.19786e-010
998800,-2.01097e-010
998801,-1.49835e-010
998802,-1.80889e-010
998803,-1.79185e-010
998804,-1.78891e-010
998805,-1.80515e-010
998806,-1.71771e-010
998807,-1.9315e-010
998808,-1.67856e-010
998809,-1.76943e-010
998810,-1.58873e-010
998811,-1.55619e-010
998812,-1.31918e-010
998813,-1.4739e-010
998814,-2.03695e-010
998815,-1.71054e-010
998816,-1.99112e-010
998817,-2.622e-010
998818,-1.57641e-010
998819,-1.67666e-010
998820,-1.54737e-010
998821,-1.96042e-010
998822,-2.31177e-010
998823,-1.6065e-010
998824,-2.05919e-010
998825,-1.7902e-010
998826,-1.58897e-010
998827,-2.05601e-010
998828,-1.73309e-010
998829,-2.22304e-010
998830,-2.18223e-010
998831,-1.5799e-010
998832,-1.6549e-010
998833,-1.71452e-010
998834,-2.20221e-010
998835,-1.97782e-010
998836,-1.97298e-010
998837,-1.59651e-010
998838,-1.64057e-010
998839,-2.16275e-010
998840,-1.34449e-010
998841,-2.24645e-010
998842,-1.71992e-010
998843,-2.14676e-010
998844,-1.61826e-010
998845,-1.7103e-010
998846,-1.97359e-010
998847,-1.69008e-010
998848,-1.6046e-010
998849,-1.63187e-010
998850,-1.90662e-010
998851,-1.45742e-010
998852,-1.6549e-010
998853,-1.59436e-010
998854,-1.49473e-010
998855,-1.79633e-010
998856,-1.96256e-010
998857,-2.08395e-010
998858,-1.86299e-010
998859,-1.88861e-010
998860,-1.92225e-010
998861,-1.80975e-010
998862,-2.07071e-010
998863,-1.69712e-010
998864,-1.72427e-010
998865,-1.4747e-010
998866,-1.88977e-010
998867,-2.07905e-010
998868,-1.68291e-010
998869,-1.88401e-010
998870,-1.53058e-010
998871,-1.91011e-010
998872,-2.04388e-010
998873,-2.1625e-010
998874,-1.58462e-010
998875,-2.13934e-010
998876,-1.76857e-010
998877,-1.72427e-010
998878,-2.25687e-010
998879,-1.63248e-010
998880,-1.8068e-010
998881,-1.85135e-010
998882,-2.13285e-010
998883,-1.69075e-010
998884,-1.85889e-010
998885,-1.88934e-010
998886,-2.21066e-010
998887,-2.32709e-010
998888,-1.45852e-010
998889,-1.51936e-010
998890,-1.95031e-010
998891,-1.70901e-010
998892,-2.1076e-010
998893,-1.61226e-010
998894,-1.58946e-010
998895,-1.76624e-010
998896,-1.59228e-010
998897,-1.72476e-010
998898,-1.77954e-010
998899,-1.82562e-010
998900,-1.64553e-010
998901,-1.96336e-010
998902,-1.51832e-010
998903,-1.97218e-010
998904,-1.57169e-010
998905,-1.98591e-010
998906,-1.8932e-010
998907,-1.57948e-010
998908,-2.10123e-010
998909,-1.76342e-010
998910,-2.04486e-010
998911,-1.49363e-010
998912,-1.58499e-010
998913,-1.68934e-010
998914,-1.53303e-010
998915,-1.99253e-010
998916,-2.39535e-010
998917,-1.74437e-010
998918,-1.93671e-010
998919,-1.73566e-010
998920,-1.79859e-010
998921,-1.72359e-010
998922,-2.08726e-010
998923,-1.87261e-010
998924,-1.64387e-010
998925,-2.64682e-010
998926,-1.59626e-010
998927,-2.20037e-010
998928,-1.75411e-010
998929,-1.8103e-010
998930,-1.86888e-010
998931,-1.70662e-010
998932,-1.97899e-010
998933,-1.397e-010
998934,-1.20754e-010
998935,-1.50883e-010
998936,-1.63812e-010
998937,-1.63211e-010
998938,-2.04247e-010
998939,-2.01557e-010
998940,-1.51753e-010
998941,-1.8978e-010
998942,-1.72592e-010
998943,-2.09161e-010
998944,-1.93444e-010
998945,-1.86354e-010
998946,-1.83138e-010
998947,-1.46213e-010
998948,-1.744e-010
998949,-1.68959e-010
998950,-1.64479e-010
998951,-1.76293e-010
998952,-2.10546e-010
998953,-1.65729e-010
998954,-1.85288e-010
998955,-1.79823e-010
998956,-1.84522e-010
998957,-1.96017e-010
998958,-1.63481e-010
998959,-1.54277e-010
998960,-1.5497e-010
998961,-1.61508e-010
998962,-1.86336e-010
998963,-1.8497e-010
998964,-1.64259e-010
998965,-1.78456e-010
998966,-2.11348e-010
998967,-1.83009e-010
998968,-1.54608e-010
998969,-1.18309e-010
998970,-1.55209e-010
998971,-1.52586e-010
998972,-1.59204e-010
998973,-2.06103e-010
998974,-1.47298e-010
998975,-1.79528e-010
998976,-1.85533e-010
998977,-1.98321e-010
998978,-1.95019e-010
998979,-1.71312e-010
998980,-1.28278e-010
998981,-1.01673e-010
998982,-2.00074e-010
998983,-2.19645e-010
998984,-1.78291e-010
998985,-1.94173e-010
998986,-1.65e-010
998987,-1.96526e-010
998988,-2.05374e-010
998989,-1.67831e-010
998990,-1.50178e-010
998991,-1.63646e-010
998992,-1.98934e-010
998993,-1.85595e-010
998994,-1.10294e-010
998995,-1.67384e-010
998996,-1.69571e-010
998997,-1.85533e-010
998998,-1.45202e-010
998999,-1.12267e-010
999000,-1.80282e-010
999001,-1.97323e-010
999002,-1.72629e-010
999003,-1.91986e-010
999004,-1.83983e-010
999005,-1.86508e-010
999006,-1.8538e-010
999007,-1.67175e-010
999008,-1.71146e-010
999009,-1.92635e-010
999010,-1.69737e-010
999011,-1.42561e-010
999012,-1.89449e-010
999013,-1.46005e-010
999014,-1.9402e-010
999015,-1.56526e-010
999016,-1.7815e-010
999017,-1.8731e-010
999018,-1.8364e-010
999019,-1.71312e-010
999020,-2.00037e-010
999021,-1.23916e-010
999022,-2.06422e-010
999023,-2.16287e-010
999024,-2.06636e-010
999025,-2.0144e-010
999026,-2.05386e-010
999027,-1.35883e-010
999028,-1.49167e-010
999029,-1.46955e-010
999030,-1.56734e-010
999031,-2.21741e-010
999032,-1.96477e-010
999033,-1.95607e-010
999034,-1.4432e-010
999035,-2.09467e-010
999036,-2.1807e-010
999037,-2.40123e-010
999038,-1.49645e-010
999039,-1.69957e-010
999040,-1.34872e-010
999041,-1.83217e-010
999042,-1.77917e-010
999043,-1.9568e-010
999044,-1.94008e-010
999045,-1.62457e-010
999046,-1.69228e-010
999047,-1.73076e-010
999048,-1.58156e-010
999049,-1.52445e-010
999050,-1.62721e-010
999051,-1.85662e-010
999052,-1.78726e-010
999053,-1.78585e-010
999054,-1.83242e-010
999055,-2.0394e-010
999056,-1.83891e-010
999057,-1.90153e-010
999058,-1.84535e-010
999059,-1.54994e-010
999060,-1.69136e-010
999061,-1.81998e-010
999062,-1.6546e-010
999063,-1.72813e-010
999064,-1.86685e-010
999065,-1.1576e-010
999066,-1.87966e-010
999067,-1.55925e-010
999068,-2.08162e-010
999069,-1.84161e-010
999070,-1.89669e-010
999071,-1.99087e-010
999072,-1.8269e-010
999073,-2.03223e-010
999074,-1.94608e-010
999075,-1.8315e-010
999076,-1.4959e-010
999077,-1.58039e-010
999078,-1.825e-010
999079,-1.64835e-010
999080,-1.6299e-010
999081,-2.06177e-010
999082,-1.7739e-010
999083,-1.75791e-010
999084,-1.72555e-010
999085,-1.03744e-010
999086,-1.35294e-010
999087,-1.6174e-010
999088,-1.28995e-010
999089,-1.79008e-010
999090,-1.94516e-010
999091,-1.52175e-010
999092,-1.51152e-010
999093,-1.5796e-010
999094,-1.9943e-010
999095,-1.41232e-010
999096,-1.74835e-010
999097,-1.6394e-010
999098,-1.53983e-010
999099,-1.63199e-010
999100,-1.56109e-010
999101,-1.99289e-010
999102,-1.81348e-010
999103,-1.54957e-010
999104,-1.88542e-010
999105,-1.48082e-010
999106,-1.77856e-010
999107,-1.77672e-010
999108,-1.42439e-010
999109,-1.82923e-010
999110,-1.87874e-010
999111,-1.99345e-010
999112,-1.78107e-010
999113,-1.69547e-010
999114,-1.65515e-010
999115,-1.5356e-010
999116,-1.35693e-010
999117,-1.75858e-010
999118,-1.9e-010
999119,-1.74872e-010
999120,-1.5356e-010
999121,-1.8356e-010
999122,-1.72016e-010
999123,-1.68842e-010
999124,-1.30417e-010
999125,-1.79106e-010
999126,-1.18039e-010
999127,-1.4345e-010
999128,-1.27525e-010
999129,-1.70417e-010
999130,-1.87721e-010
999131,-1.10539e-010
999132,-1.84737e-010
999133,-1.69467e-010
999134,-1.69571e-010
999135,-1.39185e-010
999136,-2.0084e-010
999137,-1.80325e-010
999138,-1.67586e-010
999139,-1.54198e-010
999140,-1.76354e-010
999141,-1.70068e-010
999142,-1.96642e-010
999143,-1.91459e-010
999144,-1.49859e-010
999145,-1.67997e-010
999146,-1.64823e-010
999147,-1.99933e-010
999148,-1.29737e-010
999149,-1.46036e-010
999150,-1.95644e-010
999151,-1.79314e-010
999152,-1.67102e-010
999153,-1.62721e-010
999154,-1.84571e-010
999155,-1.93303e-010
999156,-1.6212e-010
999157,-1.76777e-010
999158,-1.84933e-010
999159,-1.93187e-010
999160,-1.8497e-010
999161,-2.05294e-010
999162,-1.88989e-010
999163,-1.61906e-010
999164,-1.51514e-010
999165,-1.59829e-010
999166,-1.48799e-010
999167,-1.45956e-010
999168,-1.69878e-010
999169,-2.11397e-010
999170,-1.52243e-010
999171,-1.99265e-010
999172,-1.59859e-010
999173,-1.48658e-010
999174,-2.00625e-010
999175,-1.73524e-010
999176,-2.13334e-010
999177,-1.88542e-010
999178,-1.75037e-010
999179,-1.88413e-010
999180,-1.46685e-010
999181,-1.7231e-010
999182,-2.00123e-010
999183,-1.33977e-010
999184,-1.42972e-010
999185,-1.66679e-010
999186,-1.25478e-010
999187,-1.34963e-010
999188,-1.57298e-010
999189,-1.61851e-010
999190,-1.29289e-010
999191,-1.26183e-010
999192,-1.64976e-010
999193,-1.31508e-010
999194,-1.55533e-010
999195,-2.12653e-010
999196,-1.93046e-010
999197,-1.69712e-010
999198,-1.70889e-010
999199,-1.93327e-010
999200,-2.10607e-010
999201,-1.82323e-010
999202,-1.77813e-010
999203,-1.34345e-010
999204,-1.72016e-010
999205,-1.87378e-010
999206,-1.58971e-010
999207,-1.70711e-010
999208,-1.82984e-010
999209,-1.98756e-010
999210,-1.67065e-010
999211,-1.67206e-010
999212,-1.79914e-010
999213,-1.77696e-010
999214,-2.2209e-010
999215,-1.7693e-010
999216,-1.58732e-010
999217,-1.36152e-010
999218,-1.57948e-010
999219,-1.50883e-010
999220,-1.76894e-010
999221,-2.141e-010
999222,-1.59498e-010
999223,-1.71826e-010
999224,-1.47555e-010
999225,-1.21704e-010
999226,-1.74602e-010
999227,-1.9489e-010
999228,-1.9728e-010
999229,-1.52188e-010
999230,-1.69228e-010
999231,-1.30582e-010
999232,-1.46367e-010
999233,-2.07482e-010
999234,-1.39222e-010
999235,-1.69559e-010
999236,-1.56287e-010
999237,-2.02059e-010
999238,-1.78989e-010
999239,-1.46262e-010
999240,-1.53303e-010
999241,-1.62954e-010
999242,-1.65362e-010
999243,-1.34473e-010
999244,-1.54418e-010
999245,-1.39822e-010
999246,-1.51986e-010
999247,-1.66691e-010
999248,-1.72065e-010
999249,-1.84596e-010
999250,-1.7902e-010
999251,-2.06036e-010
999252,-1.67304e-010
999253,-1.47133e-010
999254,-1.85638e-010
999255,-1.7103e-010
999256,-1.13701e-010
999257,-1.72347e-010
999258,-1.50435e-010
999259,-1.62598e-010
999260,-1.79008e-010
999261,-1.88769e-010
999262,-1.93468e-010
999263,-1.62482e-010
999264,-1.4606e-010
999265,-1.87672e-010
999266,-1.63456e-010
999267,-1.6674e-010
999268,-1.89951e-010
999269,-1.57488e-010
999270,-1.6084e-010
999271,-2.08058e-010
999272,-1.92598e-010
999273,-1.71207e-010
999274,-1.57133e-010
999275,-1.90539e-010
999276,-1.56091e-010
999277,-9.85847e-011
999278,-1.38726e-010
999279,-1.35061e-010
999280,-1.85313e-010
999281,-1.74706e-010
999282,-1.84032e-010
999283,-1.67396e-010
999284,-1.29063e-010
999285,-1.28395e-010
999286,-1.5046e-010
999287,-1.38468e-010
999288,-1.27359e-010
999289,-1.97255e-010
999290,-1.50037e-010
999291,-1.31146e-010
999292,-1.47273e-010
999293,-9.58212e-011
999294,-1.46814e-010
999295,-1.44884e-010
999296,-1.89191e-010
999297,-1.76704e-010
999298,-1.64338e-010
999299,-1.90662e-010
999300,-1.53468e-010
999301,-2.07457e-010
999302,-1.43873e-010
999303,-1.48989e-010
999304,-1.71416e-010
999305,-1.60484e-010
999306,-1.68217e-010
999307,-1.84829e-010
999308,-1.88579e-010
999309,-1.08327e-010
999310,-1.59688e-010
999311,-1.82077e-010
999312,-1.61109e-010
999313,-1.70711e-010
999314,-1.71452e-010
999315,-1.62929e-010
999316,-1.85864e-010
999317,-1.76073e-010
999318,-1.65337e-010
999319,-1.22267e-010
999320,-1.84688e-010
999321,-1.54302e-010
999322,-1.60852e-010
999323,-1.68689e-010
999324,-1.39773e-010
999325,-1.75827e-010
999326,-1.79633e-010
999327,-1.50178e-010
999328,-1.58003e-010
999329,-1.53211e-010
999330,-1.90883e-010
999331,-1.11587e-010
999332,-1.49835e-010
999333,-1.60215e-010
999334,-1.22751e-010
999335,-1.79694e-010
999336,-1.50809e-010
999337,-1.37506e-010
999338,-1.42886e-010
999339,-2.07292e-010
999340,-1.5516e-010
999341,-1.70123e-010
999342,-1.80962e-010
999343,-1.75423e-010
999344,-1.4497e-010
999345,-1.79988e-010
999346,-1.15827e-010
999347,-1.53291e-010
999348,-1.81293e-010
999349,-1.99381e-010
999350,-1.36397e-010
999351,-1.90662e-010
999352,-1.97421e-010
999353,-1.6951e-010
999354,-1.90497e-010
999355,-1.83536e-010
999356,-2.01367e-010
999357,-1.65129e-010
999358,-1.61011e-010
999359,-1.36305e-010
999360,-1.52807e-010
999361,-1.98229e-010
999362,-1.64185e-010
999363,-1.20472e-010
999364,-1.33334e-010
999365,-1.79326e-010
999366,-1.90448e-010
999367,-2.11888e-010
999368,-1.58689e-010
999369,-1.76011e-010
999370,-1.98015e-010
999371,-4.1065e-010
999372,-1.01544e-010
999373,-1.61213e-010
999374,-1.68713e-010
999375,-1.56403e-010
999376,-1.57948e-010
999377,-1.36367e-010
999378,-1.86324e-010
999379,-1.54816e-010
999380,-1.08775e-010
999381,-1.60111e-010
999382,-1.28009e-010
999383,-1.67727e-010
999384,-6.23775e-011
999385,-1.74835e-010
999386,-1.94351e-010
999387,-1.32224e-010
999388,-1.36495e-010
999389,-1.94149e-010
999390,-1.59816e-010
999391,-1.80576e-010
999392,-2.00429e-010
999393,-1.53186e-010
999394,-1.71336e-010
999395,-1.60533e-010
999396,-1.88131e-010
999397,-1.36072e-010
999398,-1.81434e-010
999399,-2.10852e-010
999400,-1.42408e-010
999401,-1.72935e-010
999402,-1.96158e-010
999403,-1.78505e-010
999404,-1.79823e-010
999405,-1.34345e-010
999406,-1.87004e-010
999407,-1.94136e-010
999408,-1.84841e-010
999409,-1.98591e-010
999410,-1.66164e-010
999411,-1.9769e-010
999412,-1.75729e-010
999413,-1.39008e-010
999414,-1.86428e-010
999415,-1.77402e-010
999416,-1.75637e-010
999417,-1.72077e-010
999418,-1.57629e-010
999419,-1.76422e-010
999420,-1.64633e-010
999421,-1.7163e-010
999422,-1.75576e-010
999423,-2.20797e-010
999424,-2.05178e-010
999425,-1.52482e-010
999426,-1.86134e-010
999427,-1.88052e-010
999428,-1.91563e-010
999429,-1.95987e-010
999430,-1.42463e-010
999431,-1.6266e-010
999432,-1.94081e-010
999433,-1.59486e-010
999434,-1.54645e-010
999435,-1.56961e-010
999436,-1.86367e-010
999437,-1.33977e-010
999438,-1.65772e-010
999439,-1.56734e-010
999440,-1.79081e-010
999441,-1.67372e-010
999442,-1.95362e-010
999443,-1.27243e-010
999444,-1.44345e-010
999445,-1.98419e-010
999446,-1.8451e-010
999447,-1.81845e-010
999448,-1.73487e-010
999449,-1.61698e-010
999450,-1.54289e-010
999451,-1.53229e-010
999452,-2.32378e-010
999453,-1.36961e-010
999454,-1.58438e-010
999455,-1.85111e-010
999456,-1.40527e-010
999457,-1.33039e-010
999458,-1.41655e-010
999459,-1.7693e-010
999460,-1.77494e-010
999461,-1.69761e-010
999462,-1.82843e-010
999463,-1.33811e-010
999464,-2.11477e-010
999465,-1.78683e-010
999466,-1.82065e-010
999467,-1.75343e-010
999468,-1.39712e-010
999469,-1.25784e-010
999470,-1.66679e-010
999471,-2.19847e-010
999472,-1.87629e-010
999473,-1.45791e-010
999474,-1.48977e-010
999475,-2.07764e-010
999476,-1.55809e-010
999477,-1.64927e-010
999478,-1.6133e-010
999479,-1.70441e-010
999480,-1.74498e-010
999481,-2.07623e-010
999482,-1.79106e-010
999483,-1.62647e-010
999484,-1.63174e-010
999485,-1.66232e-010
999486,-1.85736e-010
999487,-1.68064e-010
999488,-1.71299e-010
999489,-1.75766e-010
999490,-1.20509e-010
999491,-2.21894e-010
999492,-1.54939e-010
999493,-1.63861e-010
999494,-1.4076e-010
999495,-1.29639e-010
999496,-1.9027e-010
999497,-1.61894e-010
999498,-1.58805e-010
999499,-1.80043e-010
999500,-1.70772e-010
999501,-1.87476e-010
999502,-1.60049e-010
999503,-1.61011e-010
999504,-1.73389e-010
999505,-1.68162e-010
999506,-1.92188e-010
999507,-1.39185e-010
999508,-1.55147e-010
999509,-1.83793e-010
999510,-1.61164e-010
999511,-1.719e-010
999512,-1.52831e-010
999513,-1.58425e-010
999514,-1.98995e-010
999515,-1.59357e-010
999516,-2.21575e-010
999517,-1.64761e-010
999518,-1.55938e-010
999519,-1.58131e-010
999520,-1.90448e-010
999521,-1.91814e-010
999522,-1.48707e-010
999523,-1.89896e-010
999524,-1.70184e-010
999525,-1.84136e-010
999526,-1.4584e-010
999527,-1.6902e-010
999528,-2.01636e-010
999529,-1.82843e-010
999530,-1.78695e-010
999531,-1.77304e-010
999532,-1.69535e-010
999533,-1.8625e-010
999534,-1.95527e-010
999535,-1.32862e-010
999536,-1.59688e-010
999537,-1.86826e-010
999538,-1.60251e-010
999539,-1.70006e-010
999540,-1.99486e-010
999541,-1.8201e-010
999542,-1.47224e-010
999543,-1.22126e-010
999544,-1.65772e-010
999545,-1.55221e-010
999546,-1.82562e-010
999547,-1.49001e-010
999548,-1.98867e-010
999549,-1.75098e-010
999550,-1.78444e-010
999551,-1.77574e-010
999552,-2.2141e-010
999553,-1.5978e-010
999554,-1.81152e-010
999555,-1.62721e-010
999556,-1.62212e-010
999557,-1.79749e-010
999558,-1.71851e-010
999559,-1.50925e-010
999560,-1.49412e-010
999561,-1.91269e-010
999562,-1.67739e-010
999563,-2.0997e-010
999564,-1.73824e-010
999565,-1.66796e-010
999566,-1.32322e-010
999567,-1.56557e-010
999568,-1.51998e-010
999569,-1.94939e-010
999570,-1.71066e-010
999571,-1.18499e-010
999572,-1.87145e-010
999573,-1.45699e-010
999574,-1.78315e-010
999575,-1.64338e-010
999576,-1.67384e-010
999577,-1.72451e-010
999578,-1.12163e-010
999579,-1.76955e-010
999580,-1.69302e-010
999581,-1.84982e-010
999582,-1.42604e-010
999583,-1.6663e-010
999584,-1.15791e-010
999585,-1.66361e-010
999586,-1.47273e-010
999587,-1.522e-010
999588,-1.56747e-010
999589,-1.22519e-010
999590,-1.94761e-010
999591,-1.70068e-010
999592,-1.91869e-010
999593,-1.57972e-010
999594,-1.26103e-010
999595,-2.15062e-010
999596,-1.59394e-010
999597,-1.58959e-010
999598,-2.04786e-010
999599,-1.68303e-010
999600,-1.5671e-010
999601,-1.447e-010
999602,-1.79008e-010
999603,-1.92574e-010
999604,-1.87335e-010
999605,-2.05729e-010
999606,-1.74118e-010
999607,-1.46544e-010
999608,-1.65705e-010
999609,-1.78456e-010
999610,-1.94008e-010
999611,-1.6372e-010
999612,-1.99712e-010
999613,-1.36011e-010
999614,-1.73156e-010
999615,-1.56183e-010
999616,-1.93763e-010
999617,-1.25864e-010
999618,-1.81195e-010
999619,-1.76434e-010
999620,-1.99345e-010
999621,-1.92506e-010
999622,-1.62414e-010
999623,-1.71146e-010
999624,-1.62163e-010
999625,-1.7239e-010
999626,-1.69253e-010
999627,-1.92084e-010
999628,-1.03401e-010
999629,-1.77531e-010
999630,-1.82653e-010
999631,-1.96324e-010
999632,-1.46838e-010
999633,-1.7633e-010
999634,-1.71826e-010
999635,-1.53689e-010
999636,-1.44602e-010
999637,-1.6728e-010
999638,-1.70043e-010
999639,-1.35e-010
999640,-1.84008e-010
999641,-2.00454e-010
999642,-1.2228e-010
999643,-1.82629e-010
999644,-2.26979e-010
999645,-1.34755e-010
999646,-1.7391e-010
999647,-1.62647e-010
999648,-1.75637e-010
999649,-1.65901e-010
999650,-2.07586e-010
999651,-1.14418e-010
999652,-1.38854e-010
999653,-1.71618e-010
999654,-1.77929e-010
999655,-1.95006e-010
999656,-1.69369e-010
999657,-1.23303e-010
999658,-2.03744e-010
999659,-1.73542e-010
999660,-1.74792e-010
999661,-1.82396e-010
999662,-1.36973e-010
999663,-1.36587e-010
999664,-1.71685e-010
999665,-1.52574e-010
999666,-1.8209e-010
999667,-1.7546e-010
999668,-1.87427e-010
999669,-1.65448e-010
999670,-1.72911e-010
999671,-1.72911e-010
999672,-1.84216e-010
999673,-1.54363e-010
999674,-1.5424e-010
999675,-1.77506e-010
999676,-1.42408e-010
999677,-1.36281e-010
999678,-1.99725e-010
999679,-1.42041e-010
999680,-1.90215e-010
999681,-1.35754e-010
999682,-1.57463e-010
999683,-1.86183e-010
999684,-1.62751e-010
999685,-1.4761e-010
999686,-1.27549e-010
999687,-1.75141e-010
999688,-1.66998e-010
999689,-1.49773e-010
999690,-2.13701e-010
999691,-1.73015e-010
999692,-1.17617e-010
999693,-1.83677e-010
999694,-1.40748e-010
999695,-2.06177e-010
999696,-1.93787e-010
999697,-1.54927e-010
999698,-1.95209e-010
999699,-1.43462e-010
999700,-1.41936e-010
999701,-1.41477e-010
999702,-1.50999e-010
999703,-1.68609e-010
999704,-2.09571e-010
999705,-1.5049e-010
999706,-2.17427e-010
999707,-1.8068e-010
999708,-1.45025e-010
999709,-1.66642e-010
999710,-1.85699e-010
999711,-2.26502e-010
999712,-1.6247e-010
999713,-1.36422e-010
999714,-1.88591e-010
999715,-1.71618e-010
999716,-1.82323e-010
999717,-1.87108e-010
999718,-1.99841e-010
999719,-1.70595e-010
999720,-1.90319e-010
999721,-1.46765e-010
999722,-2.15864e-010
999723,-1.73413e-010
999724,-2.20644e-010
999725,-1.5182e-010
999726,-1.54712e-010
999727,-1.75392e-010
999728,-1.766e-010
999729,-1.99957e-010
999730,-1.86324e-010
999731,-1.45472e-010
999732,-1.90729e-010
999733,-1.83162e-010
999734,-1.6372e-010
999735,-1.56722e-010
999736,-1.7152e-010
999737,-1.90472e-010
999738,-1.87966e-010
999739,-1.69314e-010
999740,-1.9356e-010
999741,-1.65601e-010
999742,-1.64375e-010
999743,-1.72488e-010
999744,-1.5288e-010
999745,-1.45061e-010
999746,-1.49449e-010
999747,-1.52384e-010
999748,-1.75533e-010
999749,-1.23597e-010
999750,-1.37905e-010
999751,-1.53585e-010
999752,-1.46275e-010
999753,-1.52077e-010
999754,-2.04412e-010
999755,-1.69749e-010
999756,-1.44639e-010
999757,-1.75392e-010
999758,-1.25876e-010
999759,-1.73003e-010
999760,-1.75392e-010
999761,-1.76109e-010
999762,-1.6837e-010
999763,-1.70723e-010
999764,-1.61262e-010
999765,-1.77494e-010
999766,-1.74345e-010
999767,-1.75766e-010
999768,-2.02427e-010
999769,-1.9266e-010
999770,-1.63376e-010
999771,-1.69326e-010
999772,-1.82231e-010
999773,-1.60993e-010
999774,-1.63836e-010
999775,-1.91256e-010
999776,-1.53622e-010
999777,-1.54657e-010
999778,-1.52341e-010
999779,-2.45331e-010
999780,-1.5818e-010
999781,-1.59253e-010
999782,-2.08278e-010
999783,-1.45742e-010
999784,-1.89179e-010
999785,-1.64577e-010
999786,-1.88107e-010
999787,-1.75484e-010
999788,-1.61189e-010
999789,-1.48425e-010
999790,-1.69228e-010
999791,-1.78554e-010
999792,-1.75037e-010
999793,-1.69289e-010
999794,-1.73076e-010
999795,-1.55019e-010
999796,-1.4712e-010
999797,-1.64338e-010
999798,-1.59436e-010
999799,-1.45472e-010
999800,-1.60546e-010
999801,-1.36011e-010
999802,-1.38162e-010
999803,-1.69853e-010
999804,-1.62598e-010
999805,-1.744e-010
999806,-1.64032e-010
999807,-1.01734e-010
999808,-1.41875e-010
999809,-1.30595e-010
999810,-1.87543e-010
999811,-1.44731e-010
999812,-1.86979e-010
999813,-1.17224e-010
999814,-1.5095e-010
999815,-1.65925e-010
999816,-1.45521e-010
999817,-1.74921e-010
999818,-1.53058e-010
999819,-1.85509e-010
999820,-1.49773e-010
999821,-1.18193e-010
999822,-1.64142e-010
999823,-2.09161e-010
999824,-1.95503e-010
999825,-1.66207e-010
999826,-1.64173e-010
999827,-1.94596e-010
999828,-1.67512e-010
999829,-1.23046e-010
999830,-1.96373e-010
999831,-1.50999e-010
999832,-1.55582e-010
999833,-1.69547e-010
999834,-1.64351e-010
999835,-2.28321e-010
999836,-1.7527e-010
999837,-1.425e-010
999838,-1.50742e-010
999839,-1.51753e-010
999840,-1.84063e-010
999841,-1.65025e-010
999842,-1.39761e-010
999843,-1.77108e-010
999844,-1.71955e-010
999845,-1.40135e-010
999846,-2.3777e-010
999847,-1.68622e-010
999848,-1.72543e-010
999849,-1.55276e-010
999850,-1.63646e-010
999851,-1.58076e-010
999852,-1.32721e-010
999853,-1.6372e-010
999854,-1.6856e-010
999855,-1.21354e-010
999856,-1.62672e-010
999857,-1.37329e-010
999858,-2.0193e-010
999859,-1.91434e-010
999860,-1.869e-010
999861,-1.65503e-010
999862,-1.34308e-010
999863,-1.21894e-010
999864,-1.40809e-010
999865,-1.56514e-010
999866,-1.32825e-010
999867,-1.51691e-010
999868,-1.43125e-010
999869,-1.71673e-010
999870,-1.52231e-010
999871,-1.75576e-010
999872,-1.40656e-010
999873,-1.29038e-010
999874,-1.41287e-010
999875,-1.78763e-010
999876,-1.5209e-010
999877,-1.60025e-010
999878,-2.00687e-010
999879,-1.76881e-010
999880,-1.70288e-010
999881,-2.18848e-010
999882,-1.98922e-010
999883,-1.75392e-010
999884,-1.87801e-010
999885,-1.77047e-010
999886,-1.33156e-010
999887,-1.60202e-010
999888,-1.57972e-010
999889,-1.56642e-010
999890,-1.49436e-010
999891,-1.77022e-010
999892,-1.94902e-010
999893,-2.20797e-010
999894,-1.70454e-010
999895,-1.9152e-010
999896,-1.96593e-010
999897,-2.0345e-010
999898,-1.72077e-010
999899,-1.97182e-010
999900,-1.83346e-010
999901,-1.42678e-010
999902,-1.36648e-010
999903,-1.92531e-010
999904,-2.00392e-010
999905,-1.9315e-010
999906,-2.33579e-010
999907,-1.88358e-010
999908,-1.49271e-010
999909,-1.15735e-010
999910,-1.44884e-010
999911,-2.00993e-010
999912,-1.63873e-010
999913,-1.2636e-010
999914,-1.81716e-010
999915,-1.48916e-010
999916,-1.53278e-010
999917,-1.45907e-010
999918,-1.71698e-010
999919,-1.28818e-010
999920,-1.59933e-010
999921,-2.01048e-010
999922,-1.87684e-010
999923,-1.43052e-010
999924,-1.7921e-010
999925,-1.48732e-010
999926,-1.70803e-010
999927,-1.71428e-010
999928,-1.58579e-010
999929,-1.73732e-010
999930,-1.33168e-010
999931,-1.67292e-010
999932,-2.03848e-010
999933,-1.92562e-010
999934,-1.74706e-010
999935,-1.64185e-010
999936,-1.68762e-010
999937,-1.51973e-010
999938,-1.57568e-010
999939,-1.70699e-010
999940,-2.02028e-010
999941,-1.57721e-010
999942,-2.02568e-010
999943,-1.61134e-010
999944,-1.8603e-010
999945,-2.06832e-010
999946,-1.69933e-010
999947,-1.84357e-010
999948,-1.68959e-010
999949,-2.13125e-010
999950,-1.48223e-010
999951,-1.78199e-010
999952,-1.55631e-010
999953,-1.87782e-010
999954,-1.68254e-010
999955,-1.82384e-010
999956,-1.91471e-010
999957,-1.65834e-010
999958,-1.72837e-010
999959,-1.59155e-010
999960,-1.9307e-010
999961,-1.87758e-010
999962,-1.90919e-010
999963,-1.62427e-010
999964,-1.60791e-010
999965,-1.4913e-010
999966,-1.41618e-010
999967,-1.98983e-010
999968,-1.56262e-010
999969,-1.67218e-010
999970,-1.56348e-010
999971,-1.33168e-010
999972,-1.65245e-010
999973,-1.85803e-010
999974,-1.99394e-010
999975,-1.47978e-010
999976,-1.35411e-010
999977,-2.06165e-010
999978,-1.95938e-010
999979,-1.53891e-010
999980,-1.69185e-010
999981,-1.51973e-010
999982,-1.26514e-010
999983,-1.64749e-010
999984,-1.77555e-010
999985,-1.8712e-010
999986,-1.87335e-010
999987,-1.85454e-010
999988,-1.9595e-010
999989,-1.50907e-010
999990,-1.3405e-010
999991,-1.84008e-010
999992,-1.68609e-010
999993,-1.79927e-010
999994,-1.67445e-010
999995,-1.64032e-010
999996,-1.57323e-010
999997,-1.97206e-010
999998,-1.77917e-010
999999,-2.20104e-010
