LECROYWR104MXi,15731,Waveform
Segments,1,SegmentSize,1576
Segment,TrigTime,TimeSinceSegment1
#1,02-Dec-2012 09:08:28,0                 
Time,Ampl
998424,-7.52023e-011
998425,-1.5557e-010
998426,-1.28879e-010
998427,-1.6535e-010
998428,-2.17427e-010
998429,-1.73554e-010
998430,-1.95454e-010
998431,-2.08646e-010
998432,-1.95797e-010
998433,-1.82997e-010
998434,-1.79774e-010
998435,-2.21894e-010
998436,-1.87053e-010
998437,-2.03683e-010
998438,-2.41673e-010
998439,-1.77482e-010
998440,-1.89412e-010
998441,-2.18554e-010
998442,-2.25889e-010
998443,-1.89357e-010
998444,-2.04847e-010
998445,-1.83052e-010
998446,-1.80092e-010
998447,-1.87133e-010
998448,-1.9943e-010
998449,-1.85251e-010
998450,-1.60484e-010
998451,-1.67739e-010
998452,-1.42255e-010
998453,-1.51538e-010
998454,-2.10478e-010
998455,-1.91024e-010
998456,-1.74675e-010
998457,-1.99627e-010
998458,-2.17237e-010
998459,-1.93824e-010
998460,-1.99179e-010
998461,-2.02494e-010
998462,-2.04718e-010
998463,-1.71581e-010
998464,-1.78787e-010
998465,-1.86097e-010
998466,-1.94106e-010
998467,-2.00638e-010
998468,-2.20319e-010
998469,-2.0391e-010
998470,-2.09008e-010
998471,-2.03475e-010
998472,-1.47954e-010
998473,-1.98015e-010
998474,-1.5891e-010
998475,-1.93211e-010
998476,-1.8845e-010
998477,-1.98781e-010
998478,-2.04283e-010
998479,-1.72513e-010
998480,-2.00993e-010
998481,-1.45766e-010
998482,-1.79528e-010
998483,-2.07868e-010
998484,-1.82463e-010
998485,-1.65104e-010
998486,-1.622e-010
998487,-2.12427e-010
998488,-2.27758e-010
998489,-2.17016e-010
998490,-2.01544e-010
998491,-2.2709e-010
998492,-1.92482e-010
998493,-2.13266e-010
998494,-2.43756e-010
998495,-2.05178e-010
998496,-1.90564e-010
998497,-2.24749e-010
998498,-1.71122e-010
998499,-2.0307e-010
998500,-2.09198e-010
998501,-1.96526e-010
998502,-1.89375e-010
998503,-2.21973e-010
998504,-2.27709e-010
998505,-2.23407e-010
998506,-2.35448e-010
998507,-2.13885e-010
998508,-2.02709e-010
998509,-1.95429e-010
998510,-2.3065e-010
998511,-2.27464e-010
998512,-1.99627e-010
998513,-2.12298e-010
998514,-1.61789e-010
998515,-1.80337e-010
998516,-2.09044e-010
998517,-2.20013e-010
998518,-2.28677e-010
998519,-1.68609e-010
998520,-2.3239e-010
998521,-2.0875e-010
998522,-1.72249e-010
998523,-2.04627e-010
998524,-1.83769e-010
998525,-1.78622e-010
998526,-2.20448e-010
998527,-2.11808e-010
998528,-1.73793e-010
998529,-2.09841e-010
998530,-2.22794e-010
998531,-2.15674e-010
998532,-1.94712e-010
998533,-1.76612e-010
998534,-1.93095e-010
998535,-1.68793e-010
998536,-2.25392e-010
998537,-1.98346e-010
998538,-2.39915e-010
998539,-1.76269e-010
998540,-2.20742e-010
998541,-2.1068e-010
998542,-1.84676e-010
998543,-1.60687e-010
998544,-2.1712e-010
998545,-1.74461e-010
998546,-2.18517e-010
998547,-1.52077e-010
998548,-1.78107e-010
998549,-1.53101e-010
998550,-1.73193e-010
998551,-1.869e-010
998552,-2.32059e-010
998553,-1.79142e-010
998554,-2.2785e-010
998555,-1.81888e-010
998556,-2.13193e-010
998557,-1.77445e-010
998558,-1.86955e-010
998559,-2.27016e-010
998560,-2.04271e-010
998561,-2.35448e-010
998562,-1.99982e-010
998563,-2.16863e-010
998564,-1.87684e-010
998565,-2.18119e-010
998566,-2.32494e-010
998567,-2.36477e-010
998568,-2.09479e-010
998569,-2.11453e-010
998570,-2.55932e-010
998571,-1.91551e-010
998572,-1.90625e-010
998573,-1.86649e-010
998574,-2.09149e-010
998575,-1.97758e-010
998576,-2.58824e-010
998577,-1.61557e-010
998578,-2.38652e-010
998579,-2.13689e-010
998580,-2.15546e-010
998581,-2.3152e-010
998582,-1.96888e-010
998583,-1.77635e-010
998584,-1.83499e-010
998585,-1.75074e-010
998586,-2.36422e-010
998587,-2.52666e-010
998588,-1.75729e-010
998589,-1.9951e-010
998590,-1.62623e-010
998591,-1.99829e-010
998592,-1.93517e-010
998593,-2.13805e-010
998594,-2.62317e-010
998595,-2.02966e-010
998596,-2.0345e-010
998597,-1.90907e-010
998598,-2.26109e-010
998599,-2.05729e-010
998600,-2.06728e-010
998601,-2.15215e-010
998602,-1.7527e-010
998603,-1.80607e-010
998604,-2.10821e-010
998605,-2.40055e-010
998606,-2.01918e-010
998607,-2.17837e-010
998608,-2.06318e-010
998609,-1.73946e-010
998610,-1.49633e-010
998611,-2.04528e-010
998612,-1.9421e-010
998613,-2.15852e-010
998614,-1.93138e-010
998615,-2.16967e-010
998616,-1.62237e-010
998617,-1.97702e-010
998618,-1.86122e-010
998619,-1.72592e-010
998620,-2.14535e-010
998621,-2.46342e-010
998622,-1.97899e-010
998623,-2.22065e-010
998624,-1.94118e-010
998625,-2.24406e-010
998626,-1.71642e-010
998627,-2.01967e-010
998628,-1.83088e-010
998629,-2.05497e-010
998630,-1.82255e-010
998631,-2.10019e-010
998632,-2.10135e-010
998633,-2.03199e-010
998634,-2.19718e-010
998635,-2.38315e-010
998636,-2.11158e-010
998637,-2.29639e-010
998638,-1.97733e-010
998639,-2.12182e-010
998640,-1.99957e-010
998641,-1.92445e-010
998642,-2.0554e-010
998643,-1.79798e-010
998644,-1.81912e-010
998645,-1.97439e-010
998646,-2.48634e-010
998647,-1.79338e-010
998648,-1.92188e-010
998649,-2.13266e-010
998650,-1.9353e-010
998651,-2.28413e-010
998652,-1.98677e-010
998653,-1.93671e-010
998654,-1.5182e-010
998655,-1.88462e-010
998656,-1.7788e-010
998657,-1.88193e-010
998658,-2.04412e-010
998659,-2.13744e-010
998660,-2.02966e-010
998661,-2.14308e-010
998662,-1.91342e-010
998663,-2.00484e-010
998664,-1.81336e-010
998665,-1.83854e-010
998666,-2.29921e-010
998667,-2.07445e-010
998668,-2.50785e-010
998669,-2.14253e-010
998670,-2.22525e-010
998671,-2.18426e-010
998672,-1.91636e-010
998673,-2.06256e-010
998674,-2.34339e-010
998675,-2.06256e-010
998676,-1.75588e-010
998677,-2.04155e-010
998678,-1.95644e-010
998679,-2.35503e-010
998680,-2.54265e-010
998681,-2.3587e-010
998682,-2.06514e-010
998683,-1.64939e-010
998684,-2.51477e-010
998685,-2.10337e-010
998686,-1.94388e-010
998687,-2.21691e-010
998688,-1.85392e-010
998689,-1.84173e-010
998690,-2.10772e-010
998691,-2.07666e-010
998692,-2.03989e-010
998693,-1.80019e-010
998694,-1.5959e-010
998695,-2.04283e-010
998696,-1.72359e-010
998697,-1.65245e-010
998698,-2.24198e-010
998699,-2.20258e-010
998700,-1.94964e-010
998701,-1.67611e-010
998702,-1.97077e-010
998703,-2.04553e-010
998704,-1.79106e-010
998705,-1.88615e-010
998706,-1.98254e-010
998707,-1.92813e-010
998708,-1.81489e-010
998709,-2.02617e-010
998710,-2.25785e-010
998711,-1.85019e-010
998712,-2.18861e-010
998713,-2.08763e-010
998714,-2.01342e-010
998715,-2.02874e-010
998716,-2.31305e-010
998717,-2.37218e-010
998718,-2.33505e-010
998719,-2.20448e-010
998720,-1.991e-010
998721,-2.21587e-010
998722,-2.11416e-010
998723,-1.92059e-010
998724,-1.75944e-010
998725,-1.88462e-010
998726,-2.51195e-010
998727,-2.29706e-010
998728,-1.90497e-010
998729,-1.57678e-010
998730,-2.10515e-010
998731,-1.96747e-010
998732,-1.85454e-010
998733,-1.91765e-010
998734,-2.04835e-010
998735,-1.71593e-010
998736,-1.6655e-010
998737,-1.76649e-010
998738,-1.91777e-010
998739,-2.48248e-010
998740,-1.8035e-010
998741,-1.80258e-010
998742,-1.93952e-010
998743,-1.74755e-010
998744,-2.15356e-010
998745,-1.66587e-010
998746,-1.93646e-010
998747,-1.65564e-010
998748,-1.74204e-010
998749,-1.99663e-010
998750,-2.20055e-010
998751,-1.74651e-010
998752,-1.96863e-010
998753,-1.76446e-010
998754,-2.00429e-010
998755,-2.29271e-010
998756,-1.8758e-010
998757,-1.92353e-010
998758,-1.622e-010
998759,-1.98462e-010
998760,-2.47127e-010
998761,-2.11949e-010
998762,-2.37347e-010
998763,-1.71477e-010
998764,-1.99559e-010
998765,-2.11808e-010
998766,-2.11373e-010
998767,-2.07482e-010
998768,-1.78033e-010
998769,-2.19069e-010
998770,-1.94363e-010
998771,-1.88965e-010
998772,-1.88861e-010
998773,-1.56122e-010
998774,-2.41839e-010
998775,-1.8269e-010
998776,-1.68726e-010
998777,-1.91918e-010
998778,-2.18775e-010
998779,-2.25711e-010
998780,-2.12899e-010
998781,-1.77365e-010
998782,-1.81115e-010
998783,-2.00895e-010
998784,-1.97347e-010
998785,-1.88836e-010
998786,-1.67359e-010
998787,-1.55098e-010
998788,-2.03615e-010
998789,-1.68278e-010
998790,-1.88168e-010
998791,-2.01826e-010
998792,-1.99712e-010
998793,-2.00276e-010
998794,-2.0508e-010
998795,-2.17249e-010
998796,-2.11679e-010
998797,-2.05705e-010
998798,-2.61103e-010
998799,-1.86979e-010
998800,-2.0747e-010
998801,-2.50233e-010
998802,-2.24915e-010
998803,-2.44155e-010
998804,-1.95196e-010
998805,-1.93622e-010
998806,-1.92954e-010
998807,-2.07868e-010
998808,-2.27709e-010
998809,-2.20564e-010
998810,-2.19786e-010
998811,-2.19896e-010
998812,-2.00723e-010
998813,-1.93468e-010
998814,-2.48377e-010
998815,-2.06354e-010
998816,-1.97102e-010
998817,-2.26618e-010
998818,-2.25491e-010
998819,-2.30815e-010
998820,-2.27837e-010
998821,-2.47096e-010
998822,-2.09136e-010
998823,-2.33916e-010
998824,-2.14406e-010
998825,-2.32084e-010
998826,-1.92562e-010
998827,-1.86888e-010
998828,-1.84277e-010
998829,-1.82433e-010
998830,-1.82384e-010
998831,-1.96563e-010
998832,-1.85687e-010
998833,-1.99369e-010
998834,-1.92562e-010
998835,-2.23738e-010
998836,-1.67206e-010
998837,-1.78223e-010
998838,-2.2625e-010
998839,-1.87837e-010
998840,-2.06514e-010
998841,-1.78726e-010
998842,-2.07801e-010
998843,-2.46661e-010
998844,-2.24394e-010
998845,-2.16238e-010
998846,-1.7728e-010
998847,-1.43689e-010
998848,-2.12476e-010
998849,-1.91256e-010
998850,-2.18082e-010
998851,-2.11195e-010
998852,-2.16649e-010
998853,-2.10656e-010
998854,-2.10797e-010
998855,-1.90166e-010
998856,-2.17188e-010
998857,-2.20196e-010
998858,-1.74872e-010
998859,-2.0345e-010
998860,-1.88769e-010
998861,-2.06483e-010
998862,-1.91103e-010
998863,-2.03683e-010
998864,-2.51845e-010
998865,-1.66054e-010
998866,-2.07384e-010
998867,-2.00509e-010
998868,-1.72862e-010
998869,-1.99522e-010
998870,-2.24688e-010
998871,-2.25429e-010
998872,-2.42476e-010
998873,-1.83701e-010
998874,-1.77292e-010
998875,-1.94106e-010
998876,-2.08481e-010
998877,-1.81679e-010
998878,-1.88193e-010
998879,-2.23854e-010
998880,-2.13193e-010
998881,-2.2209e-010
998882,-2.13781e-010
998883,-1.69994e-010
998884,-1.86391e-010
998885,-2.03952e-010
998886,-1.62059e-010
998887,-1.97041e-010
998888,-1.97641e-010
998889,-2.1739e-010
998890,-2.00147e-010
998891,-1.8489e-010
998892,-1.86097e-010
998893,-2.06434e-010
998894,-1.76097e-010
998895,-2.11244e-010
998896,-2.08634e-010
998897,-1.9568e-010
998898,-2.18426e-010
998899,-2.2383e-010
998900,-2.19106e-010
998901,-2.46998e-010
998902,-2.54804e-010
998903,-1.71796e-010
998904,-1.77623e-010
998905,-2.2826e-010
998906,-2.26544e-010
998907,-2.49222e-010
998908,-2.2538e-010
998909,-2.10313e-010
998910,-2.19835e-010
998911,-1.87053e-010
998912,-2.14038e-010
998913,-2.26992e-010
998914,-1.9315e-010
998915,-1.94008e-010
998916,-2.10877e-010
998917,-2.13346e-010
998918,-2.46998e-010
998919,-2.07047e-010
998920,-1.59406e-010
998921,-1.98867e-010
998922,-2.12948e-010
998923,-2.01747e-010
998924,-2.35258e-010
998925,-2.15166e-010
998926,-2.00919e-010
998927,-2.20552e-010
998928,-1.72016e-010
998929,-1.80748e-010
998930,-2.33953e-010
998931,-2.28438e-010
998932,-1.79467e-010
998933,-1.79988e-010
998934,-1.96986e-010
998935,-1.82678e-010
998936,-1.92457e-010
998937,-2.13064e-010
998938,-1.68781e-010
998939,-1.76152e-010
998940,-1.91256e-010
998941,-2.26054e-010
998942,-2.36845e-010
998943,-2.00215e-010
998944,-1.91471e-010
998945,-1.98603e-010
998946,-2.14522e-010
998947,-2.20729e-010
998948,-1.8671e-010
998949,-2.06446e-010
998950,-2.26912e-010
998951,-2.25828e-010
998952,-1.89847e-010
998953,-2.39253e-010
998954,-1.8103e-010
998955,-1.76998e-010
998956,-1.61544e-010
998957,-2.08419e-010
998958,-1.9777e-010
998959,-2.247e-010
998960,-1.92954e-010
998961,-2.02813e-010
998962,-1.90962e-010
998963,-2.08995e-010
998964,-2.17954e-010
998965,-2.03965e-010
998966,-1.64657e-010
998967,-2.2731e-010
998968,-1.83738e-010
998969,-2.06305e-010
998970,-2.19412e-010
998971,-1.70901e-010
998972,-2.06385e-010
998973,-1.95301e-010
998974,-1.92831e-010
998975,-1.95552e-010
998976,-2.45858e-010
998977,-1.96146e-010
998978,-1.70674e-010
998979,-2.14437e-010
998980,-1.94363e-010
998981,-2.14437e-010
998982,-2.00558e-010
998983,-2.31979e-010
998984,-1.75674e-010
998985,-1.9978e-010
998986,-1.91048e-010
998987,-2.1693e-010
998988,-2.19976e-010
998989,-1.73425e-010
998990,-1.8103e-010
998991,-2.14804e-010
998992,-2.45178e-010
998993,-1.67715e-010
998994,-1.92966e-010
998995,-2.26361e-010
998996,-1.99332e-010
998997,-1.97537e-010
998998,-1.99394e-010
998999,-1.6462e-010
999000,-2.37807e-010
999001,-2.0038e-010
999002,-1.76403e-010
999003,-1.87464e-010
999004,-1.7875e-010
999005,-2.22384e-010
999006,-1.91397e-010
999007,-1.87555e-010
999008,-2.30564e-010
999009,-1.78468e-010
999010,-2.21232e-010
999011,-2.43052e-010
999012,-2.16287e-010
999013,-1.75423e-010
999014,-2.10325e-010
999015,-2.14124e-010
999016,-2.10135e-010
999017,-2.31881e-010
999018,-1.89155e-010
999019,-1.51177e-010
999020,-1.35539e-010
999021,-2.03928e-010
999022,-2.17286e-010
999023,-1.70006e-010
999024,-1.91563e-010
999025,-2.03952e-010
999026,-1.92421e-010
999027,-1.76305e-010
999028,-2.02954e-010
999029,-2.00582e-010
999030,-2.18916e-010
999031,-1.87899e-010
999032,-2.04823e-010
999033,-2.16263e-010
999034,-2.11416e-010
999035,-2.40337e-010
999036,-1.93683e-010
999037,-1.54535e-010
999038,-2.37611e-010
999039,-2.19633e-010
999040,-2.23818e-010
999041,-2.0641e-010
999042,-2.03401e-010
999043,-2.37537e-010
999044,-1.92801e-010
999045,-1.62329e-010
999046,-1.89461e-010
999047,-2.00687e-010
999048,-2.22727e-010
999049,-2.10405e-010
999050,-1.80172e-010
999051,-1.61152e-010
999052,-2.31802e-010
999053,-2.06704e-010
999054,-1.97396e-010
999055,-1.82666e-010
999056,-1.62837e-010
999057,-1.98113e-010
999058,-2.33236e-010
999059,-1.77739e-010
999060,-1.99394e-010
999061,-2.11593e-010
999062,-2.02917e-010
999063,-2.18591e-010
999064,-1.87825e-010
999065,-1.96091e-010
999066,-1.81771e-010
999067,-1.70466e-010
999068,-1.944e-010
999069,-2.3568e-010
999070,-1.82819e-010
999071,-2.05129e-010
999072,-2.20809e-010
999073,-1.85251e-010
999074,-1.65258e-010
999075,-1.86109e-010
999076,-2.06048e-010
999077,-2.09351e-010
999078,-2.25607e-010
999079,-1.64553e-010
999080,-1.94185e-010
999081,-2.12666e-010
999082,-1.57948e-010
999083,-1.99547e-010
999084,-1.69633e-010
999085,-1.96691e-010
999086,-1.81361e-010
999087,-1.92445e-010
999088,-2.04669e-010
999089,-2.24725e-010
999090,-2.25043e-010
999091,-2.15509e-010
999092,-1.88781e-010
999093,-1.75251e-010
999094,-1.7337e-010
999095,-1.95454e-010
999096,-1.81642e-010
999097,-1.86195e-010
999098,-2.09467e-010
999099,-2.24535e-010
999100,-1.97537e-010
999101,-2.19081e-010
999102,-1.78585e-010
999103,-1.83076e-010
999104,-1.93634e-010
999105,-2.27899e-010
999106,-1.98101e-010
999107,-2.18285e-010
999108,-1.70968e-010
999109,-1.66894e-010
999110,-1.93763e-010
999111,-2.02837e-010
999112,-2.28205e-010
999113,-2.02169e-010
999114,-2.37598e-010
999115,-2.02353e-010
999116,-2.11146e-010
999117,-1.76789e-010
999118,-2.28959e-010
999119,-2.30968e-010
999120,-1.97016e-010
999121,-1.76213e-010
999122,-1.72286e-010
999123,-1.24081e-010
999124,-1.78481e-010
999125,-1.49283e-010
999126,-1.71992e-010
999127,-1.9644e-010
999128,-2.06869e-010
999129,-2.15968e-010
999130,-1.99535e-010
999131,-1.58934e-010
999132,-1.83867e-010
999133,-2.04461e-010
999134,-2.05362e-010
999135,-2.09222e-010
999136,-1.90638e-010
999137,-2.04964e-010
999138,-1.64914e-010
999139,-2.23842e-010
999140,-1.78867e-010
999141,-2.1557e-010
999142,-2.18328e-010
999143,-1.87604e-010
999144,-2.17825e-010
999145,-1.92549e-010
999146,-1.44755e-010
999147,-1.8141e-010
999148,-1.76728e-010
999149,-1.68842e-010
999150,-1.79939e-010
999151,-1.8027e-010
999152,-1.84032e-010
999153,-1.94902e-010
999154,-1.89718e-010
999155,-2.13842e-010
999156,-1.92764e-010
999157,-1.72439e-010
999158,-1.65656e-010
999159,-2.02684e-010
999160,-2.02439e-010
999161,-2.03744e-010
999162,-1.87182e-010
999163,-2.13101e-010
999164,-1.90037e-010
999165,-1.64516e-010
999166,-2.38511e-010
999167,-2.59743e-010
999168,-1.65043e-010
999169,-2.03744e-010
999170,-1.75588e-010
999171,-1.75601e-010
999172,-2.06115e-010
999173,-1.48836e-010
999174,-1.87721e-010
999175,-2.08738e-010
999176,-1.90834e-010
999177,-2.28959e-010
999178,-1.91459e-010
999179,-2.11312e-010
999180,-2.13297e-010
999181,-2.28193e-010
999182,-2.16238e-010
999183,-1.88426e-010
999184,-1.96324e-010
999185,-2.2508e-010
999186,-2.16318e-010
999187,-2.15699e-010
999188,-1.94351e-010
999189,-1.80987e-010
999190,-2.08364e-010
999191,-1.93671e-010
999192,-1.55288e-010
999193,-1.72439e-010
999194,-2.15111e-010
999195,-2.01238e-010
999196,-2.13089e-010
999197,-1.67653e-010
999198,-2.06073e-010
999199,-1.61189e-010
999200,-1.7739e-010
999201,-2.06704e-010
999202,-1.81563e-010
999203,-2.49234e-010
999204,-2.29755e-010
999205,-1.87543e-010
999206,-2.16967e-010
999207,-1.83793e-010
999208,-1.43548e-010
999209,-1.63762e-010
999210,-2.05625e-010
999211,-1.92727e-010
999212,-1.9663e-010
999213,-1.61918e-010
999214,-2.08187e-010
999215,-1.7337e-010
999216,-1.8845e-010
999217,-2.03199e-010
999218,-2.04038e-010
999219,-1.8644e-010
999220,-2.41606e-010
999221,-2.09326e-010
999222,-1.89528e-010
999223,-2.39443e-010
999224,-1.94118e-010
999225,-1.8391e-010
999226,-1.79032e-010
999227,-2.16918e-010
999228,-2.23726e-010
999229,-1.77997e-010
999230,-2.23254e-010
999231,-1.72427e-010
999232,-2.09222e-010
999233,-2.30968e-010
999234,-1.73756e-010
999235,-2.03873e-010
999236,-1.43297e-010
999237,-2.43946e-010
999238,-2.27794e-010
999239,-2.16459e-010
999240,-1.93658e-010
999241,-1.93726e-010
999242,-2.16342e-010
999243,-2.36195e-010
999244,-2.23971e-010
999245,-1.99767e-010
999246,-2.17825e-010
999247,-2.10981e-010
999248,-2.09467e-010
999249,-1.53677e-010
999250,-2.25968e-010
999251,-1.9065e-010
999252,-2.11361e-010
999253,-1.97856e-010
999254,-2.06624e-010
999255,-1.90472e-010
999256,-2.44271e-010
999257,-1.92892e-010
999258,-1.76544e-010
999259,-1.86569e-010
999260,-1.97439e-010
999261,-1.89259e-010
999262,-1.94927e-010
999263,-1.70325e-010
999264,-2.2035e-010
999265,-1.84945e-010
999266,-1.99639e-010
999267,-1.98934e-010
999268,-2.22445e-010
999269,-2.41158e-010
999270,-1.69737e-010
999271,-1.92176e-010
999272,-2.42274e-010
999273,-2.09571e-010
999274,-2.23174e-010
999275,-2.30025e-010
999276,-1.92316e-010
999277,-2.2429e-010
999278,-2.3489e-010
999279,-2.25209e-010
999280,-2.58542e-010
999281,-1.50209e-010
999282,-2.17837e-010
999283,-2.36269e-010
999284,-2.24149e-010
999285,-1.86992e-010
999286,-1.97549e-010
999287,-1.93585e-010
999288,-2.33904e-010
999289,-1.99302e-010
999290,-2.0989e-010
999291,-2.0459e-010
999292,-1.61612e-010
999293,-1.77237e-010
999294,-1.85889e-010
999295,-1.86416e-010
999296,-2.20319e-010
999297,-1.98089e-010
999298,-2.04247e-010
999299,-2.00509e-010
999300,-1.85748e-010
999301,-1.83419e-010
999302,-1.66011e-010
999303,-1.96973e-010
999304,-1.81924e-010
999305,-1.76213e-010
999306,-1.96207e-010
999307,-1.60448e-010
999308,-1.98701e-010
999309,-2.09939e-010
999310,-1.78444e-010
999311,-1.98064e-010
999312,-1.85111e-010
999313,-2.22304e-010
999314,-1.96042e-010
999315,-2.09853e-010
999316,-1.95723e-010
999317,-2.05625e-010
999318,-1.6133e-010
999319,-2.15589e-010
999320,-2.07537e-010
999321,-1.71171e-010
999322,-1.89639e-010
999323,-1.88426e-010
999324,-1.80539e-010
999325,-2.06563e-010
999326,-1.97439e-010
999327,-2.14816e-010
999328,-1.97041e-010
999329,-2.0345e-010
999330,-2.19718e-010
999331,-1.58861e-010
999332,-2.0266e-010
999333,-2.1932e-010
999334,-2.35466e-010
999335,-2.02225e-010
999336,-2.03861e-010
999337,-1.8209e-010
999338,-2.34927e-010
999339,-1.85748e-010
999340,-1.99253e-010
999341,-1.95362e-010
999342,-1.92096e-010
999343,-1.74639e-010
999344,-1.92752e-010
999345,-1.94798e-010
999346,-2.11783e-010
999347,-1.91716e-010
999348,-1.83217e-010
999349,-2.38726e-010
999350,-2.1084e-010
999351,-1.99571e-010
999352,-2.11679e-010
999353,-2.33965e-010
999354,-2.29486e-010
999355,-2.07984e-010
999356,-1.72004e-010
999357,-2.01342e-010
999358,-2.10797e-010
999359,-1.77022e-010
999360,-1.75956e-010
999361,-2.26992e-010
999362,-2.1076e-010
999363,-1.84289e-010
999364,-2.16226e-010
999365,-2.31446e-010
999366,-1.90129e-010
999367,-2.24339e-010
999368,-2.19602e-010
999369,-2.36704e-010
999370,-1.99277e-010
999371,-1.9644e-010
999372,-2.17329e-010
999373,-2.03646e-010
999374,-2.30895e-010
999375,-2.11183e-010
999376,-1.50895e-010
999377,-1.96526e-010
999378,-1.71759e-010
999379,-2.23585e-010
999380,-2.00472e-010
999381,-1.69675e-010
999382,-2.19259e-010
999383,-1.8891e-010
999384,-1.95325e-010
999385,-2.31048e-010
999386,-2.10797e-010
999387,-1.96103e-010
999388,-2.22764e-010
999389,-1.74014e-010
999390,-2.0595e-010
999391,-1.59614e-010
999392,-2.14982e-010
999393,-1.64247e-010
999394,-1.80785e-010
999395,-1.98168e-010
999396,-2.1231e-010
999397,-2.03493e-010
999398,-1.83983e-010
999399,-2.27464e-010
999400,-2.11103e-010
999401,-2.36642e-010
999402,-1.98854e-010
999403,-1.59406e-010
999404,-2.06342e-010
999405,-2.08364e-010
999406,-2.06563e-010
999407,-2.20319e-010
999408,-1.86146e-010
999409,-2.32837e-010
999410,-1.74614e-010
999411,-2.36324e-010
999412,-2.12194e-010
999413,-2.13842e-010
999414,-2.07457e-010
999415,-2.05705e-010
999416,-2.00944e-010
999417,-2.00392e-010
999418,-2.18211e-010
999419,-2.20245e-010
999420,-2.04093e-010
999421,-2.02071e-010
999422,-2.06495e-010
999423,-2.12568e-010
999424,-1.35448e-010
999425,-1.72923e-010
999426,-1.87488e-010
999427,-2.15919e-010
999428,-2.05386e-010
999429,-1.96256e-010
999430,-2.46661e-010
999431,-1.9535e-010
999432,-1.93046e-010
999433,-1.67678e-010
999434,-1.74216e-010
999435,-2.33328e-010
999436,-2.43346e-010
999437,-1.95785e-010
999438,-2.14026e-010
999439,-1.60448e-010
999440,-1.92059e-010
999441,-1.59179e-010
999442,-2.15674e-010
999443,-1.88334e-010
999444,-1.99461e-010
999445,-1.72169e-010
999446,-2.4606e-010
999447,-2.2133e-010
999448,-2.46165e-010
999449,-2.00331e-010
999450,-2.17991e-010
999451,-2.23891e-010
999452,-2.03885e-010
999453,-2.2709e-010
999454,-2.06918e-010
999455,-2.3614e-010
999456,-2.14216e-010
999457,-2.25503e-010
999458,-1.77531e-010
999459,-2.21066e-010
999460,-2.0285e-010
999461,-1.57145e-010
999462,-2.18824e-010
999463,-1.54253e-010
999464,-2.00723e-010
999465,-1.79069e-010
999466,-1.96642e-010
999467,-1.80748e-010
999468,-2.1807e-010
999469,-1.82641e-010
999470,-2.02862e-010
999471,-1.93377e-010
999472,-1.94853e-010
999473,-2.15153e-010
999474,-2.0508e-010
999475,-2.28554e-010
999476,-1.9641e-010
999477,-2.12592e-010
999478,-2.31753e-010
999479,-2.00754e-010
999480,-1.99357e-010
999481,-2.16532e-010
999482,-1.93634e-010
999483,-1.9152e-010
999484,-1.78211e-010
999485,-2.45975e-010
999486,-1.62414e-010
999487,-2.07341e-010
999488,-2.12102e-010
999489,-1.65564e-010
999490,-2.49706e-010
999491,-2.06177e-010
999492,-1.78107e-010
999493,-1.97347e-010
999494,-2.12653e-010
999495,-2.43616e-010
999496,-1.78775e-010
999497,-2.25828e-010
999498,-2.28101e-010
999499,-1.92163e-010
999500,-1.80809e-010
999501,-2.06526e-010
999502,-2.40466e-010
999503,-2.35141e-010
999504,-1.81514e-010
999505,-1.9106e-010
999506,-1.6247e-010
999507,-2.00074e-010
999508,-2.06667e-010
999509,-1.65503e-010
999510,-2.00019e-010
999511,-2.39933e-010
999512,-1.89755e-010
999513,-2.04516e-010
999514,-2.05319e-010
999515,-2.01109e-010
999516,-1.93493e-010
999517,-1.8201e-010
999518,-1.79608e-010
999519,-2.29651e-010
999520,-2.06177e-010
999521,-2.1853e-010
999522,-2.09044e-010
999523,-1.75956e-010
999524,-2.38934e-010
999525,-2.06894e-010
999526,-1.57696e-010
999527,-2.27923e-010
999528,-1.8603e-010
999529,-2.06354e-010
999530,-1.90846e-010
999531,-2.38922e-010
999532,-2.05576e-010
999533,-2.35184e-010
999534,-2.02825e-010
999535,-1.81397e-010
999536,-2.35607e-010
999537,-1.75613e-010
999538,-1.76765e-010
999539,-2.16459e-010
999540,-2.24265e-010
999541,-2.14559e-010
999542,-2.2027e-010
999543,-1.56937e-010
999544,-2.04908e-010
999545,-2.3951e-010
999546,-2.36986e-010
999547,-2.04951e-010
999548,-2.04271e-010
999549,-2.08395e-010
999550,-1.99627e-010
999551,-2.23033e-010
999552,-1.72439e-010
999553,-2.14075e-010
999554,-2.00533e-010
999555,-1.94069e-010
999556,-2.1209e-010
999557,-2.05656e-010
999558,-1.98689e-010
999559,-1.58039e-010
999560,-2.04296e-010
999561,-1.68762e-010
999562,-1.44461e-010
999563,-1.89988e-010
999564,-2.21857e-010
999565,-1.81551e-010
999566,-1.5133e-010
999567,-1.8163e-010
999568,-1.95441e-010
999569,-2.15981e-010
999570,-1.69688e-010
999571,-1.93315e-010
999572,-1.88052e-010
999573,-1.89296e-010
999574,-1.81066e-010
999575,-1.86802e-010
999576,-2.16839e-010
999577,-1.86324e-010
999578,-2.11642e-010
999579,-1.62329e-010
999580,-1.76036e-010
999581,-1.89486e-010
999582,-1.80258e-010
999583,-2.03542e-010
999584,-2.17531e-010
999585,-2.20809e-010
999586,-1.73401e-010
999587,-1.88615e-010
999588,-2.44369e-010
999589,-2.5337e-010
999590,-1.90932e-010
999591,-1.95313e-010
999592,-1.79645e-010
999593,-2.08125e-010
999594,-2.13665e-010
999595,-2.07243e-010
999596,-2.43475e-010
999597,-2.28487e-010
999598,-2.0981e-010
999599,-1.9557e-010
999600,-2.19976e-010
999601,-1.87096e-010
999602,-1.89001e-010
999603,-2.10172e-010
999604,-1.99063e-010
999605,-2.10711e-010
999606,-2.12439e-010
999607,-1.89823e-010
999608,-2.03131e-010
999609,-1.62837e-010
999610,-2.02237e-010
999611,-2.22917e-010
999612,-1.89179e-010
999613,-1.67151e-010
999614,-1.85968e-010
999615,-1.90086e-010
999616,-1.99332e-010
999617,-2.06587e-010
999618,-2.46128e-010
999619,-2.30729e-010
999620,-1.87261e-010
999621,-2.22764e-010
999622,-1.79093e-010
999623,-1.79161e-010
999624,-2.32047e-010
999625,-2.14449e-010
999626,-2.23665e-010
999627,-2.05962e-010
999628,-1.92813e-010
999629,-2.18131e-010
999630,-1.96514e-010
999631,-1.88744e-010
999632,-2.33199e-010
999633,-2.09669e-010
999634,-2.22163e-010
999635,-1.92304e-010
999636,-2.1606e-010
999637,-1.97451e-010
999638,-2.48481e-010
999639,-1.95693e-010
999640,-2.09253e-010
999641,-1.58101e-010
999642,-1.91691e-010
999643,-1.72592e-010
999644,-1.83088e-010
999645,-1.33474e-010
999646,-1.94608e-010
999647,-2.17298e-010
999648,-2.10478e-010
999649,-2.35503e-010
999650,-1.69878e-010
999651,-1.86789e-010
999652,-2.00123e-010
999653,-2.39418e-010
999654,-2.3489e-010
999655,-2.15448e-010
999656,-1.93248e-010
999657,-2.30533e-010
999658,-2.09032e-010
999659,-1.95644e-010
999660,-2.14486e-010
999661,-2.11796e-010
999662,-1.98842e-010
999663,-1.7614e-010
999664,-2.0318e-010
999665,-2.64516e-010
999666,-2.15932e-010
999667,-2.40901e-010
999668,-2.18389e-010
999669,-2.06753e-010
999670,-2.14253e-010
999671,-2.10441e-010
999672,-2.47703e-010
999673,-2.0587e-010
999674,-2.13027e-010
999675,-1.71734e-010
999676,-2.08315e-010
999677,-1.93407e-010
999678,-2.11054e-010
999679,-2.16894e-010
999680,-1.85876e-010
999681,-1.72568e-010
999682,-2.16532e-010
999683,-1.49755e-010
999684,-1.65527e-010
999685,-1.82794e-010
999686,-2.00895e-010
999687,-2.25276e-010
999688,-2.06103e-010
999689,-1.85031e-010
999690,-1.92727e-010
999691,-1.95595e-010
999692,-2.17378e-010
999693,-1.96845e-010
999694,-2.17316e-010
999695,-1.69455e-010
999696,-2.41814e-010
999697,-2.12427e-010
999698,-1.76097e-010
999699,-2.21857e-010
999700,-2.12078e-010
999701,-2.09798e-010
999702,-1.59565e-010
999703,-1.97513e-010
999704,-2.02212e-010
999705,-1.55006e-010
999706,-2.22678e-010
999707,-2.23187e-010
999708,-1.78131e-010
999709,-1.75239e-010
999710,-1.97525e-010
999711,-1.93867e-010
999712,-1.46569e-010
999713,-1.76281e-010
999714,-1.98934e-010
999715,-1.71391e-010
999716,-2.17623e-010
999717,-2.1679e-010
999718,-1.9462e-010
999719,-1.7674e-010
999720,-1.74884e-010
999721,-1.98334e-010
999722,-1.88885e-010
999723,-1.89872e-010
999724,-1.68916e-010
999725,-1.61262e-010
999726,-2.22359e-010
999727,-2.31226e-010
999728,-2.07715e-010
999729,-2.51453e-010
999730,-1.8076e-010
999731,-2.09528e-010
999732,-1.85595e-010
999733,-2.09725e-010
999734,-1.98536e-010
999735,-1.82194e-010
999736,-1.75448e-010
999737,-2.0258e-010
999738,-2.23089e-010
999739,-2.0307e-010
999740,-1.87617e-010
999741,-2.11477e-010
999742,-1.78315e-010
999743,-1.88168e-010
999744,-1.90202e-010
999745,-2.2785e-010
999746,-2.07598e-010
999747,-1.78187e-010
999748,-2.37678e-010
999749,-2.12709e-010
999750,-1.7728e-010
999751,-1.83959e-010
999752,-1.89063e-010
999753,-1.71937e-010
999754,-2.13652e-010
999755,-2.47684e-010
999756,-1.66501e-010
999757,-2.12831e-010
999758,-1.88131e-010
999759,-2.13064e-010
999760,-1.95772e-010
999761,-1.66894e-010
999762,-1.86851e-010
999763,-1.98383e-010
999764,-2.25301e-010
999765,-2.06244e-010
999766,-1.73321e-010
999767,-1.97666e-010
999768,-2.30448e-010
999769,-2.05919e-010
999770,-2.28781e-010
999771,-1.70466e-010
999772,-1.697e-010
999773,-1.85227e-010
999774,-2.02249e-010
999775,-1.97041e-010
999776,-1.73285e-010
999777,-1.75944e-010
999778,-2.05362e-010
999779,-1.97733e-010
999780,-1.90178e-010
999781,-2.08456e-010
999782,-1.87365e-010
999783,-2.26054e-010
999784,-2.22666e-010
999785,-1.7171e-010
999786,-1.98334e-010
999787,-1.80913e-010
999788,-1.53009e-010
999789,-1.8557e-010
999790,-1.79106e-010
999791,-2.04614e-010
999792,-1.67856e-010
999793,-1.69994e-010
999794,-1.88836e-010
999795,-1.84369e-010
999796,-1.98652e-010
999797,-1.84314e-010
999798,-2.06538e-010
999799,-2.45074e-010
999800,-2.1747e-010
999801,-1.91422e-010
999802,-2.25111e-010
999803,-2.27231e-010
999804,-2.00319e-010
999805,-1.9e-010
999806,-2.12476e-010
999807,-2.07739e-010
999808,-2.22316e-010
999809,-1.9951e-010
999810,-1.91115e-010
999811,-1.91704e-010
999812,-1.54547e-010
999813,-2.08162e-010
999814,-1.81606e-010
999815,-2.56618e-010
999816,-1.91152e-010
999817,-1.88095e-010
999818,-2.275e-010
999819,-1.88401e-010
999820,-1.85993e-010
999821,-2.19504e-010
999822,-1.94878e-010
999823,-1.99651e-010
999824,-1.975e-010
999825,-2.04964e-010
999826,-2.34553e-010
999827,-1.89001e-010
999828,-2.06373e-010
999829,-2.0133e-010
999830,-1.80809e-010
999831,-1.8625e-010
999832,-1.73027e-010
999833,-1.89357e-010
999834,-1.9201e-010
999835,-2.13089e-010
999836,-2.09479e-010
999837,-1.77611e-010
999838,-2.15662e-010
999839,-1.86649e-010
999840,-1.47016e-010
999841,-2.04872e-010
999842,-2.05497e-010
999843,-2.1739e-010
999844,-1.92212e-010
999845,-2.06165e-010
999846,-1.93125e-010
999847,-1.89541e-010
999848,-2.125e-010
999849,-1.91814e-010
999850,-2.28487e-010
999851,-2.1962e-010
999852,-1.74872e-010
999853,-1.92408e-010
999854,-1.80846e-010
999855,-1.8269e-010
999856,-1.61777e-010
999857,-1.59908e-010
999858,-2.16863e-010
999859,-1.79939e-010
999860,-1.87133e-010
999861,-2.18812e-010
999862,-1.99253e-010
999863,-1.94559e-010
999864,-1.81618e-010
999865,-2.01532e-010
999866,-2.22188e-010
999867,-2.00454e-010
999868,-2.15687e-010
999869,-1.8201e-010
999870,-2.00723e-010
999871,-1.9174e-010
999872,-1.81269e-010
999873,-1.97794e-010
999874,-2.39945e-010
999875,-1.70172e-010
999876,-2.16459e-010
999877,-1.96336e-010
999878,-1.83652e-010
999879,-2.02929e-010
999880,-2.37843e-010
999881,-1.79657e-010
999882,-2.06342e-010
999883,-1.60956e-010
999884,-1.95454e-010
999885,-2.14418e-010
999886,-2.25441e-010
999887,-1.691e-010
999888,-2.17378e-010
999889,-1.93634e-010
999890,-2.25252e-010
999891,-1.97843e-010
999892,-2.14486e-010
999893,-2.16036e-010
999894,-1.61943e-010
999895,-1.88003e-010
999896,-2.05319e-010
999897,-2.08689e-010
999898,-1.65925e-010
999899,-2.17298e-010
999900,-2.07715e-010
999901,-2.04682e-010
999902,-2.14676e-010
999903,-2.28695e-010
999904,-2.02592e-010
999905,-1.92574e-010
999906,-1.74155e-010
999907,-1.86618e-010
999908,-2.16777e-010
999909,-1.78517e-010
999910,-2.08364e-010
999911,-2.03989e-010
999912,-2.11232e-010
999913,-2.79339e-010
999914,-1.95772e-010
999915,-1.97182e-010
999916,-1.89669e-010
999917,-2.30791e-010
999918,-2.04657e-010
999919,-2.14155e-010
999920,-2.22176e-010
999921,-2.21207e-010
999922,-2.57531e-010
999923,-1.98321e-010
999924,-2.10172e-010
999925,-2.16367e-010
999926,-2.15417e-010
999927,-1.9068e-010
999928,-2.07941e-010
999929,-1.83652e-010
999930,-1.81587e-010
999931,-2.28554e-010
999932,-2.29829e-010
999933,-2.02886e-010
999934,-1.67421e-010
999935,-1.9576e-010
999936,-2.51655e-010
999937,-2.0391e-010
999938,-2.2133e-010
999939,-1.97831e-010
999940,-2.119e-010
999941,-1.89872e-010
999942,-2.07739e-010
999943,-2.04755e-010
999944,-1.87237e-010
999945,-2.03285e-010
999946,-1.70147e-010
999947,-1.94418e-010
999948,-1.6288e-010
999949,-1.8277e-010
999950,-1.94694e-010
999951,-1.55797e-010
999952,-1.77506e-010
999953,-1.7807e-010
999954,-2.05938e-010
999955,-2.3212e-010
999956,-2.05797e-010
999957,-2.1231e-010
999958,-1.81575e-010
999959,-2.01085e-010
999960,-2.166e-010
999961,-1.82739e-010
999962,-1.94657e-010
999963,-2.3573e-010
999964,-1.64351e-010
999965,-1.74945e-010
999966,-1.88144e-010
999967,-1.82218e-010
999968,-2.01312e-010
999969,-2.31673e-010
999970,-1.74449e-010
999971,-2.12347e-010
999972,-1.87506e-010
999973,-2.38174e-010
999974,-2.27617e-010
999975,-2.0084e-010
999976,-1.6769e-010
999977,-1.87506e-010
999978,-2.13064e-010
999979,-2.02225e-010
999980,-1.7587e-010
999981,-2.15699e-010
999982,-1.95245e-010
999983,-2.12568e-010
999984,-2.33468e-010
999985,-2.6054e-010
999986,-1.96385e-010
999987,-2.31459e-010
999988,-2.46692e-010
999989,-2.32366e-010
999990,-1.73769e-010
999991,-1.78236e-010
999992,-1.8095e-010
999993,-1.86109e-010
999994,-1.81385e-010
999995,-2.29271e-010
999996,-2.36961e-010
999997,-2.0193e-010
999998,-2.08254e-010
999999,-1.78916e-010
