LECROYWR104MXi,15731,Waveform
Segments,1,SegmentSize,1558
Segment,TrigTime,TimeSinceSegment1
#1,02-Dec-2012 09:12:08,0                 
Time,Ampl
998442,-1.34976e-010
998443,-1.88952e-010
998444,-1.33039e-010
998445,-1.9508e-010
998446,-1.25337e-010
998447,-1.84277e-010
998448,-1.77905e-010
998449,-2.0413e-010
998450,-1.57935e-010
998451,-1.6834e-010
998452,-1.84406e-010
998453,-1.64939e-010
998454,-1.29369e-010
998455,-1.34436e-010
998456,-9.79597e-011
998457,-1.74357e-010
998458,-1.61569e-010
998459,-1.63517e-010
998460,-1.59859e-010
998461,-1.86532e-010
998462,-1.57819e-010
998463,-1.88824e-010
998464,-1.89651e-010
998465,-1.81434e-010
998466,-1.52794e-010
998467,-1.31814e-010
998468,-1.8296e-010
998469,-1.67359e-010
998470,-1.68536e-010
998471,-1.44522e-010
998472,-1.12843e-010
998473,-1.48916e-010
998474,-1.62482e-010
998475,-1.31747e-010
998476,-1.62084e-010
998477,-1.54479e-010
998478,-1.08811e-010
998479,-1.75411e-010
998480,-1.59884e-010
998481,-2.00074e-010
998482,-1.98254e-010
998483,-1.43781e-010
998484,-1.5924e-010
998485,-1.4443e-010
998486,-1.29878e-010
998487,-1.29112e-010
998488,-1.40466e-010
998489,-1.12041e-010
998490,-1.57819e-010
998491,-1.69173e-010
998492,-1.7693e-010
998493,-1.92365e-010
998494,-1.7565e-010
998495,-1.74706e-010
998496,-1.48168e-010
998497,-1.74859e-010
998498,-1.08352e-010
998499,-1.3834e-010
998500,-1.55607e-010
998501,-1.45429e-010
998502,-1.31581e-010
998503,-1.49106e-010
998504,-1.45368e-010
998505,-1.31863e-010
998506,-1.59651e-010
998507,-1.55644e-010
998508,-1.46238e-010
998509,-1.87543e-010
998510,-1.83432e-010
998511,-1.7712e-010
998512,-1.42794e-010
998513,-1.65325e-010
998514,-1.35717e-010
998515,-1.36612e-010
998516,-1.75533e-010
998517,-1.81446e-010
998518,-1.5924e-010
998519,-1.90717e-010
998520,-1.57439e-010
998521,-1.72194e-010
998522,-2.13407e-010
998523,-1.86238e-010
998524,-1.4356e-010
998525,-1.01722e-010
998526,-1.58052e-010
998527,-1.64069e-010
998528,-1.56771e-010
998529,-1.70981e-010
998530,-1.72874e-010
998531,-1.54173e-010
998532,-1.53199e-010
998533,-1.52807e-010
998534,-1.47145e-010
998535,-1.57819e-010
998536,-1.95736e-010
998537,-2.16624e-010
998538,-1.59486e-010
998539,-1.50307e-010
998540,-1.71661e-010
998541,-1.6152e-010
998542,-1.39032e-010
998543,-1.49694e-010
998544,-1.45582e-010
998545,-1.48861e-010
998546,-1.37378e-010
998547,-1.34798e-010
998548,-1.95877e-010
998549,-1.9288e-010
998550,-1.65503e-010
998551,-1.43897e-010
998552,-1.67923e-010
998553,-1.73873e-010
998554,-1.55006e-010
998555,-1.60405e-010
998556,-1.48401e-010
998557,-1.07445e-010
998558,-1.79682e-010
998559,-1.58272e-010
998560,-1.78315e-010
998561,-1.92598e-010
998562,-1.65184e-010
998563,-1.68916e-010
998564,-1.85919e-010
998565,-1.77519e-010
998566,-1.72237e-010
998567,-1.66937e-010
998568,-1.97562e-010
998569,-1.81066e-010
998570,-1.58144e-010
998571,-1.35166e-010
998572,-1.84933e-010
998573,-1.94277e-010
998574,-1.41287e-010
998575,-1.58334e-010
998576,-1.8337e-010
998577,-1.41115e-010
998578,-1.87451e-010
998579,-2.04988e-010
998580,-1.81924e-010
998581,-1.82488e-010
998582,-2.01312e-010
998583,-2.20307e-010
998584,-1.63566e-010
998585,-1.4826e-010
998586,-1.62022e-010
998587,-1.36832e-010
998588,-1.87028e-010
998589,-1.63775e-010
998590,-1.66667e-010
998591,-1.81912e-010
998592,-1.69584e-010
998593,-1.58922e-010
998594,-1.77929e-010
998595,-1.65601e-010
998596,-2.01698e-010
998597,-1.36526e-010
998598,-1.99087e-010
998599,-1.39406e-010
998600,-1.29737e-010
998601,-1.90129e-010
998602,-1.91973e-010
998603,-1.03744e-010
998604,-1.52623e-010
998605,-1.71698e-010
998606,-1.37929e-010
998607,-1.35693e-010
998608,-1.44982e-010
998609,-1.53395e-010
998610,-1.65e-010
998611,-1.4546e-010
998612,-1.275e-010
998613,-1.52022e-010
998614,-1.60497e-010
998615,-1.94375e-010
998616,-1.43229e-010
998617,-1.42218e-010
998618,-1.55852e-010
998619,-1.55748e-010
998620,-1.54112e-010
998621,-1.56017e-010
998622,-1.59663e-010
998623,-1.00288e-010
998624,-1.3144e-010
998625,-1.80478e-010
998626,-1.57721e-010
998627,-1.51244e-010
998628,-1.46851e-010
998629,-1.72923e-010
998630,-1.61557e-010
998631,-1.05251e-010
998632,-1.25987e-010
998633,-1.54081e-010
998634,-1.46593e-010
998635,-1.39798e-010
998636,-1.99406e-010
998637,-1.60674e-010
998638,-1.5155e-010
998639,-1.66244e-010
998640,-1.45907e-010
998641,-1.48046e-010
998642,-1.70699e-010
998643,-1.78597e-010
998644,-1.5049e-010
998645,-1.10258e-010
998646,-1.7277e-010
998647,-1.719e-010
998648,-2.47268e-010
998649,-1.70055e-010
998650,-1.47862e-010
998651,-6.89278e-011
998652,-1.02935e-010
998653,-1.66164e-010
998654,-1.56937e-010
998655,-1.63327e-010
998656,-1.33015e-010
998657,-1.53125e-010
998658,-1.46073e-010
998659,-1.61342e-010
998660,-1.44841e-010
998661,-1.81489e-010
998662,-1.17592e-010
998663,-1.30497e-010
998664,-1.37114e-010
998665,-1.61085e-010
998666,-1.81783e-010
998667,-1.99663e-010
998668,-1.72923e-010
998669,-1.68468e-010
998670,-1.8356e-010
998671,-1.79645e-010
998672,-1.40454e-010
998673,-1.51716e-010
998674,-1.7921e-010
998675,-1.8758e-010
998676,-1.67997e-010
998677,-2.03015e-010
998678,-1.73873e-010
998679,-1.04473e-010
998680,-1.8391e-010
998681,-1.54535e-010
998682,-1.52948e-010
998683,-1.8766e-010
998684,-1.55631e-010
998685,-1.30778e-010
998686,-1.62071e-010
998687,-1.77108e-010
998688,-1.44026e-010
998689,-1.33272e-010
998690,-1.94504e-010
998691,-1.90944e-010
998692,-1.48272e-010
998693,-1.98591e-010
998694,-1.38223e-010
998695,-1.96115e-010
998696,-1.60558e-010
998697,-1.78236e-010
998698,-1.98334e-010
998699,-1.22751e-010
998700,-1.63095e-010
998701,-1.94443e-010
998702,-1.58959e-010
998703,-2.08787e-010
998704,-1.46158e-010
998705,-1.62543e-010
998706,-2.0633e-010
998707,-1.87684e-010
998708,-1.30558e-010
998709,-1.63285e-010
998710,-1.55184e-010
998711,-1.51832e-010
998712,-1.56361e-010
998713,-1.23432e-010
998714,-1.6951e-010
998715,-1.60754e-010
998716,-1.33487e-010
998717,-1.43946e-010
998718,-1.48787e-010
998719,-1.32194e-010
998720,-1.73475e-010
998721,-1.65141e-010
998722,-1.61036e-010
998723,-1.52396e-010
998724,-1.66501e-010
998725,-1.9266e-010
998726,-1.70521e-010
998727,-1.54994e-010
998728,-1.48762e-010
998729,-1.65999e-010
998730,-1.8296e-010
998731,-2.13156e-010
998732,-1.69406e-010
998733,-1.29945e-010
998734,-1.49247e-010
998735,-1.61955e-010
998736,-1.30392e-010
998737,-1.26269e-010
998738,-1.93187e-010
998739,-1.85031e-010
998740,-1.68573e-010
998741,-1.85607e-010
998742,-1.42758e-010
998743,-1.45178e-010
998744,-1.48989e-010
998745,-1.55264e-010
998746,-1.13934e-010
998747,-1.55478e-010
998748,-1.68597e-010
998749,-1.70864e-010
998750,-1.51655e-010
998751,-1.39951e-010
998752,-1.244e-010
998753,-1.3962e-010
998754,-1.15441e-010
998755,-1.38879e-010
998756,-1.45147e-010
998757,-1.15227e-010
998758,-1.4076e-010
998759,-1.59461e-010
998760,-1.45662e-010
998761,-1.70196e-010
998762,-1.23995e-010
998763,-1.60742e-010
998764,-1.76636e-010
998765,-1.26667e-010
998766,-1.3065e-010
998767,-1.86109e-010
998768,-1.94584e-010
998769,-1.28652e-010
998770,-1.6549e-010
998771,-1.81195e-010
998772,-2.06091e-010
998773,-1.51881e-010
998774,-1.71312e-010
998775,-1.89755e-010
998776,-1.53536e-010
998777,-1.82488e-010
998778,-2.1565e-010
998779,-1.78585e-010
998780,-1.79363e-010
998781,-1.70864e-010
998782,-1.31085e-010
998783,-2.04296e-010
998784,-1.36918e-010
998785,-1.85778e-010
998786,-1.72758e-010
998787,-1.26563e-010
998788,-1.62059e-010
998789,-1.85062e-010
998790,-1.69559e-010
998791,-1.41863e-010
998792,-1.34485e-010
998793,-1.19767e-010
998794,-1.42653e-010
998795,-1.26973e-010
998796,-1.91177e-010
998797,-1.5443e-010
998798,-1.66857e-010
998799,-1.01618e-010
998800,-1.18284e-010
998801,-1.52035e-010
998802,-1.5e-010
998803,-1.91189e-010
998804,-1.3405e-010
998805,-1.86428e-010
998806,-1.90576e-010
998807,-1.42972e-010
998808,-2.11312e-010
998809,-1.91085e-010
998810,-1.64326e-010
998811,-1.71299e-010
998812,-1.96888e-010
998813,-1.72813e-010
998814,-1.66385e-010
998815,-1.70944e-010
998816,-1.73088e-010
998817,-1.75693e-010
998818,-1.93658e-010
998819,-1.66869e-010
998820,-1.97016e-010
998821,-1.57243e-010
998822,-2.00319e-010
998823,-1.53548e-010
998824,-1.38671e-010
998825,-1.66066e-010
998826,-1.96783e-010
998827,-1.40699e-010
998828,-1.62365e-010
998829,-1.88309e-010
998830,-1.92856e-010
998831,-1.84228e-010
998832,-1.71593e-010
998833,-1.5209e-010
998834,-1.13805e-010
998835,-1.9489e-010
998836,-1.65337e-010
998837,-2.13438e-010
998838,-1.71661e-010
998839,-1.53959e-010
998840,-1.5087e-010
998841,-1.22304e-010
998842,-1.61673e-010
998843,-1.57041e-010
998844,-1.64234e-010
998845,-1.51514e-010
998846,-1.46459e-010
998847,-1.80576e-010
998848,-1.98113e-010
998849,-1.54657e-010
998850,-1.63928e-010
998851,-1.52102e-010
998852,-2.06091e-010
998853,-1.10104e-010
998854,-1.87782e-010
998855,-1.75638e-010
998856,-1.61943e-010
998857,-1.65821e-010
998858,-1.66091e-010
998859,-1.89461e-010
998860,-1.94737e-010
998861,-1.6641e-010
998862,-1.41103e-010
998863,-1.57819e-010
998864,-1.77059e-010
998865,-1.62751e-010
998866,-1.80913e-010
998867,-1.28432e-010
998868,-1.84486e-010
998869,-1.2402e-010
998870,-1.47414e-010
998871,-1.44816e-010
998872,-1.23058e-010
998873,-1.67715e-010
998874,-1.12053e-010
998875,-1.50245e-010
998876,-1.40172e-010
998877,-1.21563e-010
998878,-1.6568e-010
998879,-1.25901e-010
998880,-1.3318e-010
998881,-1.48928e-010
998882,-1.37102e-010
998883,-1.94247e-010
998884,-1.59345e-010
998885,-1.20846e-010
998886,-1.72513e-010
998887,-1.45625e-010
998888,-1.59688e-010
998889,-1.73756e-010
998890,-1.51667e-010
998891,-1.63671e-010
998892,-1.58524e-010
998893,-1.32696e-010
998894,-1.22022e-010
998895,-1.10092e-010
998896,-1.48799e-010
998897,-1.45202e-010
998898,-1.05405e-010
998899,-2.00368e-010
998900,-2.04988e-010
998901,-1.95184e-010
998902,-1.51256e-010
998903,-1.60166e-010
998904,-1.34142e-010
998905,-1.89167e-010
998906,-1.63952e-010
998907,-1.47059e-010
998908,-2.09915e-010
998909,-1.64553e-010
998910,-1.33603e-010
998911,-1.53536e-010
998912,-1.89651e-010
998913,-1.90693e-010
998914,-1.8785e-010
998915,-1.7478e-010
998916,-1.56851e-010
998917,-1.72145e-010
998918,-1.47329e-010
998919,-1.50693e-010
998920,-1.41171e-010
998921,-1.75944e-010
998922,-1.44602e-010
998923,-1.32696e-010
998924,-1.53101e-010
998925,-1.41771e-010
998926,-1.74859e-010
998927,-1.8538e-010
998928,-1.59755e-010
998929,-1.95877e-010
998930,-1.44498e-010
998931,-2.0527e-010
998932,-1.09596e-010
998933,-1.58499e-010
998934,-1.87028e-010
998935,-2.14087e-010
998936,-1.59933e-010
998937,-1.89669e-010
998938,-1.65386e-010
998939,-1.55405e-010
998940,-1.8603e-010
998941,-1.84289e-010
998942,-1.48671e-010
998943,-1.58285e-010
998944,-1.44087e-010
998945,-2.50172e-010
998946,-1.83664e-010
998947,-1.42935e-010
998948,-1.49633e-010
998949,-1.41832e-010
998950,-1.43321e-010
998951,-1.91177e-010
998952,-1.83217e-010
998953,-1.4565e-010
998954,-1.54535e-010
998955,-1.26385e-010
998956,-1.55055e-010
998957,-1.68187e-010
998958,-1.54786e-010
998959,-1.62776e-010
998960,-1.38278e-010
998961,-1.71158e-010
998962,-1.61459e-010
998963,-2.0413e-010
998964,-1.78444e-010
998965,-1.32365e-010
998966,-1.78352e-010
998967,-2.00319e-010
998968,-1.25221e-010
998969,-2.01122e-010
998970,-2.10785e-010
998971,-1.46943e-010
998972,-2.30625e-010
998973,-1.6864e-010
998974,-1.67611e-010
998975,-1.44026e-010
998976,-1.44406e-010
998977,-1.60674e-010
998978,-1.66066e-010
998979,-1.71826e-010
998980,-1.24363e-010
998981,-1.74694e-010
998982,-1.72592e-010
998983,-1.89553e-010
998984,-1.43309e-010
998985,-1.42439e-010
998986,-1.53646e-010
998987,-1.52549e-010
998988,-1.37727e-010
998989,-1.66753e-010
998990,-1.07175e-010
998991,-1.09057e-010
998992,-1.79479e-010
998993,-1.40595e-010
998994,-1.94976e-010
998995,-1.85981e-010
998996,-1.5595e-010
998997,-1.44063e-010
998998,-1.6372e-010
998999,-2.07139e-010
999000,-2.26796e-010
999001,-1.51066e-010
999002,-1.55748e-010
999003,-1.76661e-010
999004,-1.36918e-010
999005,-1.61403e-010
999006,-1.75392e-010
999007,-1.7337e-010
999008,-1.64645e-010
999009,-1.64608e-010
999010,-1.94608e-010
999011,-1.44461e-010
999012,-1.72745e-010
999013,-1.48119e-010
999014,-1.68125e-010
999015,-1.42721e-010
999016,-1.54185e-010
999017,-1.59038e-010
999018,-1.71066e-010
999019,-1.04014e-010
999020,-1.50601e-010
999021,-1.76802e-010
999022,-1.1886e-010
999023,-1.62709e-010
999024,-1.34375e-010
999025,-1.39069e-010
999026,-9.95345e-011
999027,-1.2193e-010
999028,-1.49038e-010
999029,-1.76293e-010
999030,-1.28088e-010
999031,-1.21409e-010
999032,-1.48156e-010
999033,-1.16734e-010
999034,-1.38505e-010
999035,-1.43027e-010
999036,-1.78199e-010
999037,-1.65478e-010
999038,-1.87298e-010
999039,-1.8516e-010
999040,-1.39584e-010
999041,-1.85944e-010
999042,-1.93609e-010
999043,-1.33474e-010
999044,-1.31311e-010
999045,-1.70086e-010
999046,-1.97476e-010
999047,-1.67077e-010
999048,-1.89014e-010
999049,-1.69136e-010
999050,-1.48236e-010
999051,-1.63873e-010
999052,-1.70889e-010
999053,-2.02323e-010
999054,-1.71955e-010
999055,-1.56361e-010
999056,-1.58524e-010
999057,-1.42451e-010
999058,-1.46471e-010
999059,-1.91943e-010
999060,-1.94914e-010
999061,-1.52255e-010
999062,-1.67231e-010
999063,-1.71557e-010
999064,-1.49449e-010
999065,-1.45864e-010
999066,-1.69008e-010
999067,-1.40313e-010
999068,-1.30031e-010
999069,-1.12292e-010
999070,-1.70956e-010
999071,-1.54149e-010
999072,-1.27359e-010
999073,-1.87758e-010
999074,-1.58959e-010
999075,-1.58438e-010
999076,-1.98089e-010
999077,-1.40349e-010
999078,-1.36103e-010
999079,-1.42733e-010
999080,-1.77751e-010
999081,-1.51103e-010
999082,-2.05919e-010
999083,-1.71171e-010
999084,-1.54338e-010
999085,-1.55619e-010
999086,-1.38137e-010
999087,-1.77727e-010
999088,-1.57721e-010
999089,-1.35178e-010
999090,-1.34896e-010
999091,-1.97396e-010
999092,-1.39571e-010
999093,-1.43664e-010
999094,-1.63622e-010
999095,-2.04345e-010
999096,-2.19375e-010
999097,-1.65742e-010
999098,-2.01416e-010
999099,-2.0016e-010
999100,-1.87323e-010
999101,-1.44639e-010
999102,-1.90932e-010
999103,-1.72923e-010
999104,-1.6951e-010
999105,-1.33401e-010
999106,-1.82476e-010
999107,-1.46226e-010
999108,-1.57874e-010
999109,-1.93505e-010
999110,-1.83677e-010
999111,-1.12022e-010
999112,-1.77071e-010
999113,-1.42807e-010
999114,-1.64669e-010
999115,-1.69737e-010
999116,-1.40135e-010
999117,-1.50999e-010
999118,-1.45098e-010
999119,-1.91753e-010
999120,-1.73836e-010
999121,-1.95503e-010
999122,-1.4671e-010
999123,-1.62555e-010
999124,-1.57016e-010
999125,-1.56722e-010
999126,-1.68125e-010
999127,-1.55503e-010
999128,-1.50742e-010
999129,-1.0478e-010
999130,-1.45343e-010
999131,-1.59731e-010
999132,-1.55889e-010
999133,-2.02543e-010
999134,-1.55123e-010
999135,-1.45711e-010
999136,-1.67819e-010
999137,-1.20999e-010
999138,-1.92752e-010
999139,-1.76685e-010
999140,-1.45472e-010
999141,-1.12335e-010
999142,-1.54265e-010
999143,-1.87016e-010
999144,-1.60968e-010
999145,-1.72886e-010
999146,-1.6682e-010
999147,-1.69712e-010
999148,-1.3894e-010
999149,-1.73652e-010
999150,-1.61624e-010
999151,-1.40258e-010
999152,-1.33671e-010
999153,-1.39351e-010
999154,-1.41961e-010
999155,-1.32212e-010
999156,-1.4459e-010
999157,-1.45288e-010
999158,-1.9402e-010
999159,-1.73652e-010
999160,-1.65221e-010
999161,-1.70864e-010
999162,-1.55209e-010
999163,-1.89847e-010
999164,-1.10117e-010
999165,-1.52457e-010
999166,-1.65552e-010
999167,-1.75251e-010
999168,-1.78327e-010
999169,-1.71134e-010
999170,-2.28438e-010
999171,-1.50754e-010
999172,-1.4959e-010
999173,-1.86747e-010
999174,-1.16606e-010
999175,-1.46875e-010
999176,-1.59945e-010
999177,-1.42561e-010
999178,-1.69865e-010
999179,-1.72911e-010
999180,-1.57911e-010
999181,-1.85595e-010
999182,-2.10644e-010
999183,-1.2883e-010
999184,-1.59639e-010
999185,-1.63223e-010
999186,-1.87709e-010
999187,-1.55546e-010
999188,-1.85251e-010
999189,-1.63762e-010
999190,-1.7277e-010
999191,-1.58425e-010
999192,-2.03671e-010
999193,-1.61109e-010
999194,-1.84008e-010
999195,-1.58487e-010
999196,-1.67053e-010
999197,-1.6508e-010
999198,-1.62286e-010
999199,-1.94798e-010
999200,-1.57427e-010
999201,-1.88566e-010
999202,-1.44945e-010
999203,-1.7103e-010
999204,-1.8296e-010
999205,-1.89063e-010
999206,-1.37868e-010
999207,-1.84626e-010
999208,-1.72206e-010
999209,-2.08867e-010
999210,-1.71618e-010
999211,-1.10337e-010
999212,-1.72028e-010
999213,-1.45723e-010
999214,-1.45135e-010
999215,-1.50644e-010
999216,-1.36048e-010
999217,-1.09682e-010
999218,-1.64118e-010
999219,-1.21765e-010
999220,-1.39443e-010
999221,-6.95405e-011
999222,-1.90215e-010
999223,-1.41287e-010
999224,-1.28125e-010
999225,-1.24479e-010
999226,-1.35307e-010
999227,-1.36789e-010
999228,-1.50999e-010
999229,-2.05049e-010
999230,-1.58064e-010
999231,-1.19553e-010
999232,-1.50729e-010
999233,-1.57733e-010
999234,-1.58383e-010
999235,-1.22267e-010
999236,-1.64106e-010
999237,-1.26606e-010
999238,-1.35294e-010
999239,-1.79375e-010
999240,-1.29485e-010
999241,-1.42463e-010
999242,-1.60576e-010
999243,-1.75307e-010
999244,-1.60368e-010
999245,-1.54688e-010
999246,-1.46428e-010
999247,-1.56195e-010
999248,-1.65386e-010
999249,-2.17059e-010
999250,-1.55006e-010
999251,-1.78775e-010
999252,-1.40962e-010
999253,-1.44731e-010
999254,-1.54675e-010
999255,-1.67905e-010
999256,-1.63634e-010
999257,-1.9193e-010
999258,-1.49927e-010
999259,-1.22813e-010
999260,-1.52856e-010
999261,-1.97157e-010
999262,-1.3921e-010
999263,-1.72323e-010
999264,-1.71489e-010
999265,-1.52353e-010
999266,-1.58487e-010
999267,-1.66679e-010
999268,-1.6701e-010
999269,-1.54326e-010
999270,-1.61624e-010
999271,-1.36704e-010
999272,-1.70043e-010
999273,-1.66563e-010
999274,-1.57476e-010
999275,-1.41079e-010
999276,-1.64749e-010
999277,-1.11501e-010
999278,-1.65668e-010
999279,-1.65858e-010
999280,-1.58756e-010
999281,-1.22984e-010
999282,-9.78555e-011
999283,-1.23695e-010
999284,-1.51256e-010
999285,-1.44522e-010
999286,-1.4364e-010
999287,-1.72862e-010
999288,-1.48376e-010
999289,-1.13315e-010
999290,-1.8114e-010
999291,-1.74345e-010
999292,-1.50104e-010
999293,-1.4057e-010
999294,-1.52549e-010
999295,-1.74461e-010
999296,-1.66066e-010
999297,-1.82139e-010
999298,-1.10012e-010
999299,-1.58677e-010
999300,-1.33505e-010
999301,-1.07727e-010
999302,-1.55478e-010
999303,-1.30313e-010
999304,-1.85478e-010
999305,-1.39633e-010
999306,-1.68597e-010
999307,-1.65527e-010
999308,-1.43297e-010
999309,-1.9114e-010
999310,-1.91446e-010
999311,-2.05411e-010
999312,-1.71698e-010
999313,-1.85711e-010
999314,-1.23419e-010
999315,-1.93456e-010
999316,-1.57261e-010
999317,-1.46097e-010
999318,-1.10644e-010
999319,-1.447e-010
999320,-1.77096e-010
999321,-1.65233e-010
999322,-2.14277e-010
999323,-1.67114e-010
999324,-1.43713e-010
999325,-1.96961e-010
999326,-1.72825e-010
999327,-1.27433e-010
999328,-1.50564e-010
999329,-1.53278e-010
999330,-1.39387e-010
999331,-1.84498e-010
999332,-1.61122e-010
999333,-1.70006e-010
999334,-1.43321e-010
999335,-1.01501e-010
999336,-1.41949e-010
999337,-7.21263e-011
999338,-1.31403e-010
999339,-1.81244e-010
999340,-1.60588e-010
999341,-1.76967e-010
999342,-2.09878e-010
999343,-1.94994e-010
999344,-1.4008e-010
999345,-1.18909e-010
999346,-1.63916e-010
999347,-1.23811e-010
999348,-1.51115e-010
999349,-1.92843e-010
999350,-1.29369e-010
999351,-1.33015e-010
999352,-1.68609e-010
999353,-1.31838e-010
999354,-1.8799e-010
999355,-1.88732e-010
999356,-1.55785e-010
999357,-1.56887e-010
999358,-1.39786e-010
999359,-1.49473e-010
999360,-1.77035e-010
999361,-1.72696e-010
999362,-1.55362e-010
999363,-1.38468e-010
999364,-1.30919e-010
999365,-1.62274e-010
999366,-1.59957e-010
999367,-2.07316e-010
999368,-1.49577e-010
999369,-1.83291e-010
999370,-1.54584e-010
999371,-1.56275e-010
999372,-1.70478e-010
999373,-1.45061e-010
999374,-1.53713e-010
999375,-1.22543e-010
999376,-1.6527e-010
999377,-1.92457e-010
999378,-1.49081e-010
999379,-1.6353e-010
999380,-1.51679e-010
999381,-1.31367e-010
999382,-1.6682e-010
999383,-1.68229e-010
999384,-1.39608e-010
999385,-1.76367e-010
999386,-1.73027e-010
999387,-1.37267e-010
999388,-1.40797e-010
999389,-1.51961e-010
999390,-1.82114e-010
999391,-1.5209e-010
999392,-1.42451e-010
999393,-1.34859e-010
999394,-1.49081e-010
999395,-1.92647e-010
999396,-1.41973e-010
999397,-1.63438e-010
999398,-1.24504e-010
999399,-1.52764e-010
999400,-1.94682e-010
999401,-1.97231e-010
999402,-1.77727e-010
999403,-1.57972e-010
999404,-1.83891e-010
999405,-1.76753e-010
999406,-2.02212e-010
999407,-1.60919e-010
999408,-1.52984e-010
999409,-1.45227e-010
999410,-1.48916e-010
999411,-1.61354e-010
999412,-1.57476e-010
999413,-1.72641e-010
999414,-1.0853e-010
999415,-1.74437e-010
999416,-1.45686e-010
999417,-1.49081e-010
999418,-1.34424e-010
999419,-1.41642e-010
999420,-1.47764e-010
999421,-1.61649e-010
999422,-1.45025e-010
999423,-1.6e-010
999424,-1.35919e-010
999425,-1.60895e-010
999426,-1.3902e-010
999427,-1.71661e-010
999428,-1.29584e-010
999429,-1.63425e-010
999430,-1.49026e-010
999431,-1.11348e-010
999432,-1.67562e-010
999433,-1.61189e-010
999434,-1.94247e-010
999435,-1.51244e-010
999436,-1.32911e-010
999437,-1.58885e-010
999438,-1.3171e-010
999439,-1.65166e-010
999440,-2.19743e-010
999441,-1.90319e-010
999442,-1.73683e-010
999443,-1.49461e-010
999444,-1.40478e-010
999445,-1.47874e-010
999446,-1.60533e-010
999447,-2.05601e-010
999448,-1.57102e-010
999449,-1.25735e-010
999450,-1.27194e-010
999451,-1.5402e-010
999452,-1.40184e-010
999453,-1.93824e-010
999454,-1.56416e-010
999455,-1.56569e-010
999456,-1.63762e-010
999457,-1.55913e-010
999458,-1.88566e-010
999459,-2.01918e-010
999460,-1.28113e-010
999461,-1.29124e-010
999462,-1.8016e-010
999463,-1.47427e-010
999464,-1.59547e-010
999465,-1.35907e-010
999466,-1.40925e-010
999467,-1.47157e-010
999468,-1.46201e-010
999469,-1.44332e-010
999470,-1.47543e-010
999471,-1.69057e-010
999472,-1.42911e-010
999473,-1.67396e-010
999474,-1.46495e-010
999475,-1.59308e-010
999476,-1.70368e-010
999477,-2.14627e-010
999478,-1.77997e-010
999479,-1.1497e-010
999480,-1.69044e-010
999481,-1.67807e-010
999482,-1.67562e-010
999483,-2.23254e-010
999484,-1.64222e-010
999485,-1.21434e-010
999486,-1.49296e-010
999487,-1.91073e-010
999488,-1.51501e-010
999489,-1.75202e-010
999490,-1.72531e-010
999491,-1.51728e-010
999492,-1.5296e-010
999493,-1.69878e-010
999494,-1.93634e-010
999495,-1.26606e-010
999496,-1.41912e-010
999497,-1.76673e-010
999498,-1.66924e-010
999499,-1.58861e-010
999500,-1.42782e-010
999501,-1.40889e-010
999502,-1.5402e-010
999503,-2.02592e-010
999504,-1.37776e-010
999505,-2.01483e-010
999506,-1.29945e-010
999507,-1.66164e-010
999508,-1.0894e-010
999509,-2.03156e-010
999510,-1.9174e-010
999511,-1.88156e-010
999512,-1.92225e-010
999513,-1.84406e-010
999514,-1.73309e-010
999515,-1.93223e-010
999516,-1.63609e-010
999517,-1.73793e-010
999518,-1.8e-010
999519,-1.65883e-010
999520,-1.43701e-010
999521,-1.72911e-010
999522,-1.5174e-010
999523,-1.92635e-010
999524,-1.25925e-010
999525,-1.69357e-010
999526,-1.85521e-010
999527,-1.52751e-010
999528,-1.82641e-010
999529,-2.0144e-010
999530,-2.10104e-010
999531,-1.38456e-010
999532,-1.69136e-010
999533,-1.81783e-010
999534,-2.05233e-010
999535,-1.84841e-010
999536,-1.4016e-010
999537,-1.68971e-010
999538,-1.51103e-010
999539,-1.81832e-010
999540,-1.69216e-010
999541,-1.60123e-010
999542,-1.38113e-010
999543,-2.09571e-010
999544,-1.75435e-010
999545,-2.05343e-010
999546,-1.82782e-010
999547,-1.49338e-010
999548,-1.59228e-010
999549,-1.36189e-010
999550,-1.56079e-010
999551,-1.89951e-010
999552,-1.6046e-010
999553,-1.89639e-010
999554,-1.20625e-010
999555,-1.33756e-010
999556,-1.64706e-010
999557,-1.4432e-010
999558,-1.48199e-010
999559,-1.18756e-010
999560,-1.56336e-010
999561,-1.72684e-010
999562,-1.40631e-010
999563,-1.46685e-010
999564,-1.15993e-010
999565,-1.63468e-010
999566,-2.27243e-010
999567,-1.46097e-010
999568,-1.51728e-010
999569,-1.90693e-010
999570,-1.64412e-010
999571,-1.76128e-010
999572,-1.32004e-010
999573,-1.62892e-010
999574,-1.89345e-010
999575,-1.70417e-010
999576,-1.77868e-010
999577,-1.80962e-010
999578,-1.5959e-010
999579,-1.7459e-010
999580,-1.65999e-010
999581,-1.78542e-010
999582,-1.59026e-010
999583,-1.25846e-010
999584,-1.61992e-010
999585,-1.7459e-010
999586,-2.1304e-010
999587,-2.08928e-010
999588,-1.97157e-010
999589,-1.81281e-010
999590,-1.41655e-010
999591,-1.80748e-010
999592,-1.794e-010
999593,-1.3258e-010
999594,-1.77445e-010
999595,-1.60202e-010
999596,-1.79914e-010
999597,-1.64528e-010
999598,-1.62764e-010
999599,-1.47776e-010
999600,-1.73119e-010
999601,-1.21753e-010
999602,-1.59357e-010
999603,-1.66808e-010
999604,-1.65362e-010
999605,-1.43536e-010
999606,-1.13162e-010
999607,-1.39375e-010
999608,-1.40006e-010
999609,-1.58781e-010
999610,-1.57206e-010
999611,-1.47096e-010
999612,-1.4633e-010
999613,-1.51765e-010
999614,-1.27794e-010
999615,-1.62751e-010
999616,-1.46299e-010
999617,-1.91048e-010
999618,-1.82151e-010
999619,-1.6239e-010
999620,-1.48462e-010
999621,-1.52574e-010
999622,-1.96514e-010
999623,-1.41287e-010
999624,-1.58131e-010
999625,-1.46495e-010
999626,-1.30993e-010
999627,-2.03352e-010
999628,-1.73591e-010
999629,-1.55172e-010
999630,-1.88376e-010
999631,-1.29865e-010
999632,-1.49234e-010
999633,-1.73027e-010
999634,-1.74921e-010
999635,-1.34798e-010
999636,-1.24865e-010
999637,-1.74075e-010
999638,-1.72837e-010
999639,-1.48027e-010
999640,-1.64798e-010
999641,-1.79951e-010
999642,-1.91765e-010
999643,-1.41489e-010
999644,-1.96207e-010
999645,-1.73144e-010
999646,-1.28334e-010
999647,-1.52794e-010
999648,-1.45251e-010
999649,-1.79093e-010
999650,-1.58088e-010
999651,-1.60227e-010
999652,-1.95656e-010
999653,-1.55264e-010
999654,-1.72182e-010
999655,-1.75356e-010
999656,-1.66477e-010
999657,-1.55276e-010
999658,-1.51189e-010
999659,-1.89921e-010
999660,-1.88272e-010
999661,-1.13174e-010
999662,-2.04504e-010
999663,-1.68867e-010
999664,-1.43278e-010
999665,-1.90484e-010
999666,-1.86122e-010
999667,-1.79847e-010
999668,-1.71299e-010
999669,-1.78303e-010
999670,-1.44945e-010
999671,-1.84547e-010
999672,-1.74675e-010
999673,-1.84326e-010
999674,-2.28297e-010
999675,-1.86109e-010
999676,-1.32463e-010
999677,-1.86195e-010
999678,-1.40031e-010
999679,-1.98652e-010
999680,-1.22776e-010
999681,-1.80055e-010
999682,-1.60895e-010
999683,-1.37421e-010
999684,-1.71685e-010
999685,-1.85202e-010
999686,-1.51679e-010
999687,-1.52512e-010
999688,-1.61636e-010
999689,-1.57194e-010
999690,-1.72028e-010
999691,-1.50821e-010
999692,-1.37819e-010
999693,-1.01134e-010
999694,-1.52948e-010
999695,-1.71477e-010
999696,-1.87862e-010
999697,-9.682e-011
999698,-1.4269e-010
999699,-1.44675e-010
999700,-1.49976e-010
999701,-1.72911e-010
999702,-1.48156e-010
999703,-1.78315e-010
999704,-1.31109e-010
999705,-1.57463e-010
999706,-1.7625e-010
999707,-1.5549e-010
999708,-1.90178e-010
999709,-1.75202e-010
999710,-1.60405e-010
999711,-1.40809e-010
999712,-1.48848e-010
999713,-1.21845e-010
999714,-1.35729e-010
999715,-1.47059e-010
999716,-1.80184e-010
999717,-1.62047e-010
999718,-1.43713e-010
999719,-1.65448e-010
999720,-1.84878e-010
999721,-1.6769e-010
999722,-1.85876e-010
999723,-1.3693e-010
999724,-1.90153e-010
999725,-2.00521e-010
999726,-1.38291e-010
999727,-1.5337e-010
999728,-1.11526e-010
999729,-1.68805e-010
999730,-1.58254e-010
999731,-1.48989e-010
999732,-1.77929e-010
999733,-1.8576e-010
999734,-1.65209e-010
999735,-1.89602e-010
999736,-1.697e-010
999737,-1.73107e-010
999738,-1.1576e-010
999739,-1.80607e-010
999740,-1.42948e-010
999741,-1.90484e-010
999742,-1.58438e-010
999743,-1.67316e-010
999744,-1.65209e-010
999745,-2.11477e-010
999746,-1.70607e-010
999747,-1.36538e-010
999748,-1.47414e-010
999749,-1.64902e-010
999750,-1.51881e-010
999751,-1.44571e-010
999752,-1.10705e-010
999753,-1.43769e-010
999754,-1.77341e-010
999755,-1.45637e-010
999756,-1.40019e-010
999757,-1.31452e-010
999758,-1.38481e-010
999759,-1.3258e-010
999760,-1.97562e-010
999761,-1.46459e-010
999762,-1.93407e-010
999763,-2.18033e-010
999764,-1.26887e-010
999765,-1.64326e-010
999766,-1.57004e-010
999767,-1.8478e-010
999768,-1.36624e-010
999769,-1.95693e-010
999770,-1.99345e-010
999771,-1.89412e-010
999772,-1.82182e-010
999773,-1.70748e-010
999774,-1.1799e-010
999775,-1.20742e-010
999776,-1.82041e-010
999777,-1.53505e-010
999778,-1.58781e-010
999779,-1.68903e-010
999780,-1.05956e-010
999781,-1.80196e-010
999782,-1.27372e-010
999783,-2.11526e-010
999784,-1.93983e-010
999785,-1.25184e-010
999786,-1.52868e-010
999787,-1.1731e-010
999788,-1.62941e-010
999789,-1.42298e-010
999790,-1.70619e-010
999791,-1.3065e-010
999792,-1.29357e-010
999793,-1.46201e-010
999794,-1.64014e-010
999795,-1.83052e-010
999796,-1.67445e-010
999797,-1.43615e-010
999798,-1.92329e-010
999799,-1.37929e-010
999800,-1.64387e-010
999801,-1.47016e-010
999802,-1.61134e-010
999803,-1.15558e-010
999804,-1.36906e-010
999805,-1.57923e-010
999806,-1.85441e-010
999807,-1.28052e-010
999808,-1.86391e-010
999809,-1.35153e-010
999810,-1.92598e-010
999811,-1.8122e-010
999812,-2.14038e-010
999813,-1.94835e-010
999814,-1.53842e-010
999815,-1.55417e-010
999816,-1.49614e-010
999817,-1.12935e-010
999818,-1.99357e-010
999819,-1.53266e-010
999820,-1.09069e-010
999821,-1.15239e-010
999822,-1.81514e-010
999823,-1.53946e-010
999824,-1.3307e-010
999825,-1.88977e-010
999826,-1.6152e-010
999827,-1.63517e-010
999828,-1.42114e-010
999829,-1.92378e-010
999830,-1.77506e-010
999831,-1.98591e-010
999832,-1.75e-010
999833,-1.72182e-010
999834,-1.69075e-010
999835,-1.65233e-010
999836,-1.766e-010
999837,-1.70582e-010
999838,-1.71275e-010
999839,-1.67948e-010
999840,-1.76532e-010
999841,-1.26324e-010
999842,-1.89682e-010
999843,-1.82641e-010
999844,-1.85901e-010
999845,-2.119e-010
999846,-1.70607e-010
999847,-1.61428e-010
999848,-1.48156e-010
999849,-1.67329e-010
999850,-1.70454e-010
999851,-2.22218e-010
999852,-1.74486e-010
999853,-2.01171e-010
999854,-1.53088e-010
999855,-1.50987e-010
999856,-1.77249e-010
999857,-2.16765e-010
999858,-1.46073e-010
999859,-1.75319e-010
999860,-1.55362e-010
999861,-1.80631e-010
999862,-1.37267e-010
999863,-1.47543e-010
999864,-1.23671e-010
999865,-1.63438e-010
999866,-1.63787e-010
999867,-1.6421e-010
999868,-1.20907e-010
999869,-1.75638e-010
999870,-2.13309e-010
999871,-1.42604e-010
999872,-1.44191e-010
999873,-1.41642e-010
999874,-1.71826e-010
999875,-1.48376e-010
999876,-1.59308e-010
999877,-1.36213e-010
999878,-1.46189e-010
999879,-1.25147e-010
999880,-1.28009e-010
999881,-1.54914e-010
999882,-1.25644e-010
999883,-1.41042e-010
999884,-1.71581e-010
999885,-1.63861e-010
999886,-1.82562e-010
999887,-1.46367e-010
999888,-1.40748e-010
999889,-1.73156e-010
999890,-1.4894e-010
999891,-1.02782e-010
999892,-1.47696e-010
999893,-1.44486e-010
999894,-1.86888e-010
999895,-1.44933e-010
999896,-1.26232e-010
999897,-1.4826e-010
999898,-1.85968e-010
999899,-1.54982e-010
999900,-1.60086e-010
999901,-1.64669e-010
999902,-1.70239e-010
999903,-1.95006e-010
999904,-1.61189e-010
999905,-1.38842e-010
999906,-1.94761e-010
999907,-1.43818e-010
999908,-1.3943e-010
999909,-1.59872e-010
999910,-1.65258e-010
999911,-2.07984e-010
999912,-1.65999e-010
999913,-1.70405e-010
999914,-1.36256e-010
999915,-1.73229e-010
999916,-2.13971e-010
999917,-1.20754e-010
999918,-2.22997e-010
999919,-2.05374e-010
999920,-1.90821e-010
999921,-1.38095e-010
999922,-2.0989e-010
999923,-1.84228e-010
999924,-1.44357e-010
999925,-1.43474e-010
999926,-1.72157e-010
999927,-1.89014e-010
999928,-1.57323e-010
999929,-1.50962e-010
999930,-2.03248e-010
999931,-1.77506e-010
999932,-1.97267e-010
999933,-1.93364e-010
999934,-9.84805e-011
999935,-1.77905e-010
999936,-1.78738e-010
999937,-1.44179e-010
999938,-1.28689e-010
999939,-1.6258e-010
999940,-1.60074e-010
999941,-1.178e-010
999942,-1.74908e-010
999943,-1.32335e-010
999944,-1.75717e-010
999945,-1.92022e-010
999946,-1.66538e-010
999947,-1.59216e-010
999948,-1.57592e-010
999949,-2.17157e-010
999950,-1.38315e-010
999951,-1.52623e-010
999952,-1.0989e-010
999953,-1.85791e-010
999954,-1.39479e-010
999955,-1.51048e-010
999956,-1.23965e-010
999957,-1.58217e-010
999958,-1.79375e-010
999959,-1.25913e-010
999960,-1.55031e-010
999961,-1.72274e-010
999962,-1.66459e-010
999963,-1.43959e-010
999964,-1.59547e-010
999965,-2.0057e-010
999966,-1.26606e-010
999967,-1.34614e-010
999968,-1.86171e-010
999969,-1.35307e-010
999970,-1.59565e-010
999971,-1.91201e-010
999972,-1.61226e-010
999973,-1.45006e-010
999974,-1.49504e-010
999975,-1.41808e-010
999976,-1.50999e-010
999977,-1.95552e-010
999978,-1.68064e-010
999979,-1.3478e-010
999980,-1.71324e-010
999981,-2.08125e-010
999982,-2.17133e-010
999983,-1.44099e-010
999984,-1.8391e-010
999985,-1.49504e-010
999986,-1.70068e-010
999987,-1.74259e-010
999988,-1.94902e-010
999989,-1.4932e-010
999990,-1.48732e-010
999991,-1.28419e-010
999992,-1.9951e-010
999993,-1.73756e-010
999994,-1.66575e-010
999995,-1.44461e-010
999996,-1.63119e-010
999997,-1.26985e-010
999998,-1.56232e-010
999999,-1.27384e-010
