LECROYWR104MXi,15731,Waveform
Segments,1,SegmentSize,1253
Segment,TrigTime,TimeSinceSegment1
#1,01-Dec-2012 06:42:07,0                 
Time,Ampl
998747,-1.19485e-010
998748,-1.81863e-010
998749,-1.25123e-010
998750,-1.54412e-010
998751,-1.28983e-010
998752,-2.43076e-010
998753,-1.46017e-010
998754,-1.35417e-010
998755,-3.86029e-010
998756,-2.95833e-010
998757,-1.35723e-010
998758,-2.35355e-010
998759,-1.41789e-010
998760,-1.56189e-010
998761,-2.32537e-010
998762,-1.64951e-010
998763,-2.42034e-010
998764,-1.44118e-010
998765,-1.66912e-010
998766,-1.36703e-010
998767,-4.5386e-010
998768,-1.5962e-010
998769,-1.32782e-010
998770,-5.08946e-010
998771,-7.80637e-011
998772,-1.99571e-010
998773,-4.34007e-010
998774,-2.8701e-010
998775,-2.02512e-010
998776,-1.17525e-010
998777,-1.69547e-010
998778,-4.54779e-010
998779,-4.2788e-010
998780,-2.81618e-010
998781,-1.06924e-010
998782,-4.00858e-010
998783,-2.38419e-010
998784,-1.44547e-010
998785,-1.73407e-010
998786,-1.48652e-010
998787,-3.48775e-010
998788,-1.14828e-010
998789,-1.51164e-010
998790,-1.23284e-010
998791,-1.88971e-010
998792,-1.14828e-010
998793,-8.63726e-010
998794,-1.39461e-010
998795,-8.03309e-011
998796,-1.14706e-010
998797,-3.8125e-010
998798,-1.92892e-010
998799,-1.4902e-010
998800,-9.1299e-011
998801,-1.33027e-010
998802,-1.57782e-010
998803,-1.98468e-010
998804,-3.17279e-010
998805,-1.33395e-010
998806,-1.04412e-010
998807,-1.5098e-010
998808,-1.67218e-010
998809,-2.20221e-010
998810,-2.94118e-010
998811,-1.56924e-010
998812,-1.53922e-010
998813,-1.40441e-010
998814,-2.59436e-010
998815,-2.43873e-010
998816,-4.38052e-010
998817,-1.36887e-010
998818,-2.16912e-010
998819,-3.31985e-010
998820,-1.18076e-010
998821,-1.36581e-010
998822,-1.48897e-010
998823,-2.30882e-010
998824,-1.65931e-010
998825,-1.42157e-010
998826,-1.13725e-010
998827,-6.25e-010
998828,-1.56985e-010
998829,-1.61703e-010
998830,-1.73591e-010
998831,-1.3413e-010
998832,-2.91544e-010
998833,-2.23162e-010
998834,-2.27145e-010
998835,-1.09069e-010
998836,-4.41483e-010
998837,-1.50368e-010
998838,-7.05331e-010
998839,-1.86581e-010
998840,-2.3027e-010
998841,-6.13971e-011
998842,-2.62194e-010
998843,-1.36642e-010
998844,-4.22978e-010
998845,-1.78615e-010
998846,-2.43076e-010
998847,-1.20956e-010
998848,-2.2886e-010
998849,-1.32169e-010
998850,-1.106e-010
998851,-3.92708e-010
998852,-2.47855e-010
998853,-2.99939e-010
998854,-1.43382e-010
998855,-1.89951e-010
998856,-1.606e-010
998857,-1.24142e-010
998858,-1.22733e-010
998859,-4.0674e-010
998860,-2.1489e-010
998861,-1.30821e-010
998862,-3.09007e-010
998863,-1.52757e-010
998864,-3.15135e-010
998865,-1.43382e-010
998866,-1.69853e-010
998867,-1.9424e-010
998868,-2.64277e-010
998869,-1.24081e-010
998870,-2.51348e-010
998871,-7.59804e-011
998872,-1.23713e-010
998873,-2.20588e-010
998874,-1.43995e-010
998875,-1.86397e-010
998876,-2.27206e-010
998877,-1.49203e-010
998878,-1.6152e-010
998879,-1.42402e-010
998880,-1.69424e-010
998881,-1.76409e-010
998882,-1.04167e-010
998883,-5.44608e-010
998884,-1.91115e-010
998885,-1.34865e-010
998886,-1.76103e-010
998887,-6.58946e-010
998888,-2.41238e-010
998889,-1.56373e-010
998890,-1.04534e-010
998891,-7.06679e-010
998892,-3.89828e-010
998893,-9.72426e-011
998894,-1.28186e-010
998895,-1.84865e-010
998896,-1.46936e-010
998897,-1.62868e-010
998898,-2.23284e-010
998899,-9.03186e-011
998900,-1.97243e-010
998901,-1.34498e-010
998902,-1.22794e-010
998903,-1.6924e-010
998904,-1.27145e-010
998905,-2.14338e-010
998906,-3.73775e-010
998907,-1.95098e-010
998908,-1.19914e-010
998909,-5.06066e-010
998910,-1.36152e-010
998911,-1.61826e-010
998912,-1.21936e-010
998913,-1.55025e-010
998914,-1.51777e-010
998915,-1.65012e-010
998916,-4.12071e-010
998917,-1.17034e-010
998918,-1.16605e-010
998919,-3.05576e-010
998920,-2.73836e-010
998921,-1.66115e-010
998922,-1.5913e-010
998923,-1.16973e-010
998924,-1.74939e-010
998925,-2.65012e-010
998926,-6.07292e-010
998927,-4.11642e-010
998928,-2.78554e-010
998929,-1.62377e-010
998930,-1.67892e-010
998931,-3.58333e-010
998932,-1.15809e-010
998933,-1.79657e-010
998934,-2.08946e-010
998935,-1.0864e-010
998936,-1.47243e-010
998937,-2.13848e-010
998938,-1.04412e-010
998939,-2.47426e-010
998940,-1.29718e-010
998941,-1.73591e-010
998942,-1.45098e-010
998943,-1.70833e-010
998944,-8.07598e-011
998945,-1.52328e-010
998946,-2.91728e-010
998947,-1.13603e-010
998948,-1.37194e-010
998949,-2.22488e-010
998950,-1.78493e-010
998951,-3.09498e-010
998952,-9.73039e-011
998953,-1.92218e-010
998954,-1.78431e-010
998955,-3.11949e-010
998956,-1.2788e-010
998957,-3.00919e-010
998958,-3.22549e-010
998959,-1.52819e-010
998960,-2.36458e-010
998961,-4.78431e-010
998962,-1.80147e-010
998963,-4.05392e-010
998964,-1.60907e-010
998965,-4.26348e-010
998966,-2.51226e-010
998967,-1.99387e-010
998968,-1.02206e-010
998969,-2.04289e-010
998970,-1.33272e-010
998971,-1.00613e-010
998972,-1.05515e-010
998973,-1.28615e-010
998974,-3.13358e-010
998975,-4.58578e-010
998976,-6.97917e-011
998977,-1.3462e-010
998978,-1.37623e-010
998979,-1.91851e-010
998980,-3.76838e-010
998981,-1.68505e-010
998982,-3.7402e-010
998983,-1.28922e-010
998984,-1.88358e-010
998985,-1.10907e-010
998986,-2.15809e-010
998987,-3.07047e-010
998988,-1.35294e-010
998989,-2.09191e-010
998990,-1.22855e-010
998991,-1.63419e-010
998992,-1.36949e-010
998993,-1.79902e-010
998994,-3.02083e-010
998995,-2.91176e-010
998996,-1.90625e-010
998997,-1.68566e-010
998998,-2.03554e-010
998999,-1.55086e-010
999000,-1.99203e-010
999001,-1.37071e-010
999002,-1.76838e-010
999003,-1.25735e-010
999004,-1.18015e-010
999005,-1.29718e-010
999006,-1.42341e-010
999007,-4.4326e-010
999008,-1.87868e-010
999009,-3.59375e-010
999010,-1.08088e-010
999011,-1.50735e-010
999012,-1.6011e-010
999013,-1.29228e-010
999014,-4.93811e-010
999015,-1.40931e-010
999016,-1.24877e-010
999017,-1.68627e-010
999018,-1.3848e-010
999019,-1.67525e-010
999020,-5.54718e-010
999021,-4.00306e-010
999022,-1.85784e-010
999023,-1.60662e-010
999024,-1.36581e-010
999025,-2.26471e-010
999026,-1.67647e-010
999027,-1.58701e-010
999028,-4.6201e-011
999029,-1.44669e-010
999030,-2.29596e-010
999031,-1.85846e-010
999032,-1.13848e-010
999033,-9.65686e-011
999034,-1.26409e-010
999035,-2.24632e-010
999036,-1.22181e-010
999037,-3.28431e-010
999038,-3.06005e-010
999039,-1.16544e-010
999040,-2.99142e-010
999041,-2.89522e-010
999042,-1.81863e-010
999043,-1.4326e-010
999044,-1.24816e-010
999045,-2.56985e-010
999046,-1.02145e-010
999047,-2.45098e-010
999048,-1.93015e-010
999049,-2.03002e-010
999050,-2.49449e-010
999051,-1.14583e-010
999052,-1.28799e-010
999053,-1.019e-010
999054,-1.77819e-010
999055,-1.55699e-010
999056,-1.30944e-010
999057,-1.44914e-010
999058,-1.39093e-010
999059,-2.18199e-010
999060,-1.04167e-010
999061,-1.28676e-010
999062,-2.11949e-010
999063,-1.94363e-010
999064,-6.21507e-010
999065,-2.894e-010
999066,-1.13542e-010
999067,-3.41851e-010
999068,-1.43689e-010
999069,-1.9424e-010
999070,-1.88297e-010
999071,-1.56618e-010
999072,-1.92586e-010
999073,-1.7788e-010
999074,-2.02696e-010
999075,-2.10294e-010
999076,-1.5576e-010
999077,-1.57721e-010
999078,-3.11642e-010
999079,-1.85968e-010
999080,-1.45282e-010
999081,-1.77328e-010
999082,-1.58088e-010
999083,-2.04596e-010
999084,-2.02696e-010
999085,-3.93995e-010
999086,-1.36887e-010
999087,-1.93811e-010
999088,-1.3076e-010
999089,-1.45588e-010
999090,-1.22672e-010
999091,-1.76654e-010
999092,-1.56127e-010
999093,-2.05086e-010
999094,-1.37132e-010
999095,-1.46262e-010
999096,-2.43015e-010
999097,-2.14277e-010
999098,-1.80208e-010
999099,-2.07843e-010
999100,-1.0239e-010
999101,-1.16299e-010
999102,-1.51716e-010
999103,-1.57537e-010
999104,-2.76716e-010
999105,-1.45588e-010
999106,-2.16789e-010
999107,-7.07966e-010
999108,-3.53922e-010
999109,-1.19424e-010
999110,-1.90993e-010
999111,-2.53002e-010
999112,-1.53493e-010
999113,-1.53554e-010
999114,-2.30821e-010
999115,-1.90809e-010
999116,-2.92341e-010
999117,-8.98284e-011
999118,-6.47671e-011
999119,-2.31373e-010
999120,-1.93076e-010
999121,-1.64828e-010
999122,-3.2598e-010
999123,-2.62623e-010
999124,-8.92157e-011
999125,-2.03799e-010
999126,-1.80515e-010
999127,-1.19669e-010
999128,-8.69547e-010
999129,-9.10539e-011
999130,-1.03983e-010
999131,-8.26593e-011
999132,-9.34436e-011
999133,-2.5288e-010
999134,-3.54534e-010
999135,-1.9614e-010
999136,-1.70833e-010
999137,-9.79351e-010
999138,-2.03676e-010
999139,-7.29167e-011
999140,-1.93505e-010
999141,-1.79412e-010
999142,-1.42157e-010
999143,-2.71507e-010
999144,-1.80699e-010
999145,-4.63664e-010
999146,-2.92831e-010
999147,-2.18995e-010
999148,-1.46691e-010
999149,-2.10049e-010
999150,-2.13113e-010
999151,-3.89951e-010
999152,-2.11029e-010
999153,-3.9902e-010
999154,-1.45527e-010
999155,-9.54657e-011
999156,-2.31556e-010
999157,-1.51777e-010
999158,-4.20037e-010
999159,-1.87745e-010
999160,-1.86458e-010
999161,-1.25368e-010
999162,-1.01838e-010
999163,-1.6152e-010
999164,-2.45711e-010
999165,-1.23468e-010
999166,-1.0435e-010
999167,-1.47733e-010
999168,-1.11581e-010
999169,-5.46569e-011
999170,-8.09436e-011
999171,-1.43444e-010
999172,-1.43199e-010
999173,-1.61091e-010
999174,-1.21446e-010
999175,-1.48897e-010
999176,-1.52083e-010
999177,-3.44118e-010
999178,-2.03738e-010
999179,-2.07659e-010
999180,-6.58701e-010
999181,-7.36642e-010
999182,-1.86581e-010
999183,-2.54473e-010
999184,-1.65319e-010
999185,-1.99816e-010
999186,-1.53002e-010
999187,-1.79534e-010
999188,-1.94669e-010
999189,-2.46201e-010
999190,-2.78125e-010
999191,-2.06801e-010
999192,-2.03799e-010
999193,-1.35968e-010
999194,-1.55208e-010
999195,-2.94424e-010
999196,-1.25061e-010
999197,-1.89522e-010
999198,-1.77022e-010
999199,-1.31556e-010
999200,-1.50184e-010
999201,-8.67034e-011
999202,-2.36642e-010
999203,-2.34252e-010
999204,-1.67157e-010
999205,-1.72426e-010
999206,-4.64706e-010
999207,-2.19485e-010
999208,-1.32782e-010
999209,-1.88603e-010
999210,-2.3701e-010
999211,-1.59007e-010
999212,-1.04289e-010
999213,-1.00466e-009
999214,-7.75368e-010
999215,-4.02819e-010
999216,-2.1973e-010
999217,-1.03064e-010
999218,-1.53125e-010
999219,-2.01348e-010
999220,-1.7065e-010
999221,-1.14522e-010
999222,-2.98836e-010
999223,-1.29289e-010
999224,-1.83088e-010
999225,-3.00368e-010
999226,-1.37868e-010
999227,-1.9087e-010
999228,-3.31802e-010
999229,-2.63113e-010
999230,-1.06434e-010
999231,-2.19914e-010
999232,-1.57537e-010
999233,-1.39277e-010
999234,-1.71385e-010
999235,-1.12623e-010
999236,-1.29657e-010
999237,-1.65993e-010
999238,-1.5576e-010
999239,-2e-010
999240,-5.52451e-010
999241,-1.06373e-010
999242,-1.17892e-010
999243,-1.62623e-010
999244,-1.43995e-010
999245,-1.08211e-010
999246,-1.47488e-010
999247,-1.55208e-010
999248,-1.70098e-010
999249,-1.97549e-010
999250,-1.3413e-010
999251,-2.0098e-010
999252,-2.24694e-010
999253,-2.32047e-010
999254,-1.09743e-010
999255,-1.61826e-010
999256,-1.70588e-010
999257,-2.34375e-010
999258,-1.76838e-010
999259,-2.08517e-010
999260,-1.60539e-010
999261,-3.49449e-010
999262,-2.04779e-010
999263,-2.57537e-010
999264,-2.7739e-010
999265,-2.0913e-010
999266,-1.58824e-010
999267,-2.01042e-010
999268,-2.16176e-010
999269,-4.67831e-010
999270,-8.13726e-010
999271,-4.33395e-010
999272,-2.33885e-010
999273,-1.84926e-010
999274,-1.73468e-010
999275,-1.23346e-010
999276,-1.41728e-010
999277,-1.27757e-010
999278,-1.36213e-010
999279,-1.17525e-010
999280,-1.04779e-010
999281,-2.29167e-010
999282,-2.25674e-010
999283,-1.58885e-010
999284,-2.21446e-010
999285,-1.27145e-010
999286,-2.11949e-010
999287,-1.43811e-010
999288,-1.77206e-010
999289,-3.11152e-010
999290,-1.54412e-010
999291,-1.10846e-010
999292,-1.43199e-010
999293,-1.36213e-010
999294,-1.56127e-010
999295,-1.79718e-010
999296,-1.39645e-010
999297,-2.83395e-010
999298,-1.67892e-010
999299,-8.27206e-011
999300,-3.41544e-010
999301,-1.13971e-010
999302,-4.5288e-010
999303,-3.30699e-010
999304,-1.82476e-010
999305,-1.09681e-010
999306,-1.02206e-010
999307,-1.99265e-010
999308,-9.67524e-011
999309,-2.62255e-010
999310,-2.76532e-010
999311,-1.49755e-010
999312,-1.34926e-010
999313,-1.65809e-010
999314,-4.50368e-010
999315,-1.51961e-010
999316,-3.67892e-010
999317,-1.72549e-010
999318,-4.39645e-010
999319,-3.46691e-010
999320,-1.61397e-010
999321,-1.57414e-010
999322,-2.55515e-010
999323,-2.15135e-010
999324,-1.98652e-010
999325,-3.38297e-010
999326,-2.84375e-010
999327,-1.30821e-010
999328,-1.68382e-010
999329,-1.29779e-010
999330,-2.21752e-010
999331,-1.93934e-010
999332,-1.13235e-010
999333,-1.27022e-010
999334,-2.40686e-010
999335,-1.02451e-010
999336,-1.16789e-010
999337,-1.1299e-010
999338,-1.03431e-010
999339,-4.71324e-010
999340,-1.01716e-010
999341,-1.12194e-010
999342,-1.58211e-010
999343,-1.77941e-010
999344,-1.57475e-010
999345,-4.66851e-010
999346,-1.24265e-010
999347,-1.38107e-009
999348,-1.98039e-010
999349,-1.44118e-010
999350,-1.27206e-010
999351,-2.29841e-010
999352,-1.39154e-010
999353,-1.46017e-010
999354,-3.48775e-010
999355,-1.41115e-010
999356,-2.23775e-010
999357,-1.96875e-010
999358,-1.15625e-010
999359,-1.41054e-010
999360,-1.81134e-009
999361,-4.2886e-010
999362,-2.92953e-010
999363,-2.18015e-010
999364,-2.46078e-010
999365,-1.65196e-010
999366,-1.8701e-010
999367,-1.95527e-010
999368,-1.13542e-010
999369,-5.42279e-010
999370,-1.53248e-010
999371,-2.54596e-010
999372,-1.66176e-010
999373,-4.4761e-010
999374,-8.98284e-011
999375,-2.45833e-010
999376,-2.81373e-010
999377,-1.25919e-010
999378,-2.0723e-010
999379,-1.55331e-010
999380,-1.5576e-010
999381,-9.90196e-011
999382,-3.02145e-010
999383,-1.50735e-010
999384,-3.80944e-010
999385,-2.25429e-010
999386,-1.606e-010
999387,-1.68076e-010
999388,-1.51593e-010
999389,-1.52941e-010
999390,-1.04105e-010
999391,-1.43873e-010
999392,-3.72488e-010
999393,-1.13051e-010
999394,-1.01225e-010
999395,-1.63971e-010
999396,-1.62561e-010
999397,-9.00123e-011
999398,-1.20588e-010
999399,-1.269e-010
999400,-2.45343e-010
999401,-2.12132e-010
999402,-8.44363e-011
999403,-2.28554e-010
999404,-1.32782e-010
999405,-8.51103e-011
999406,-1.15502e-010
999407,-1.55576e-010
999408,-1.31618e-010
999409,-1.93199e-010
999410,-1.18689e-010
999411,-6.46446e-011
999412,-2.18137e-010
999413,-3.31066e-010
999414,-1.74449e-010
999415,-6.40931e-011
999416,-1.04412e-010
999417,-7.70833e-011
999418,-1.83333e-010
999419,-2.33946e-010
999420,-1.0723e-010
999421,-1.1685e-010
999422,-1.39277e-010
999423,-2.19301e-010
999424,-1.22365e-010
999425,-1.35968e-010
999426,-1.09559e-010
999427,-1.76287e-010
999428,-2.34314e-010
999429,-8.03309e-011
999430,-1.18505e-010
999431,-1.26471e-010
999432,-2.27145e-010
999433,-1.36642e-010
999434,-1.21752e-010
999435,-1.66115e-010
999436,-1.63664e-010
999437,-1.11642e-010
999438,-1.81985e-010
999439,-2.01532e-010
999440,-1.13297e-010
999441,-4.31128e-010
999442,-3.6299e-010
999443,-1.25735e-010
999444,-1.32414e-010
999445,-3.25368e-010
999446,-2.0962e-010
999447,-1.56801e-010
999448,-1.87561e-010
999449,-1.69975e-010
999450,-5.00735e-010
999451,-6.79902e-010
999452,-1.68015e-010
999453,-2.22243e-010
999454,-2.76103e-010
999455,-9.16054e-011
999456,-1.5625e-010
999457,-2.11581e-010
999458,-1.61213e-010
999459,-8.05147e-011
999460,-1.34681e-010
999461,-1.6348e-010
999462,-2.60846e-010
999463,-1.20895e-010
999464,-2.39461e-010
999465,-1.43444e-010
999466,-1.18505e-010
999467,-1.04105e-010
999468,-1.07659e-010
999469,-1.49081e-010
999470,-1.80576e-010
999471,-1.19301e-010
999472,-1.54473e-010
999473,-2.6973e-010
999474,-1.2549e-010
999475,-1.14767e-010
999476,-6.49449e-010
999477,-5.85968e-010
999478,-3.12439e-010
999479,-1.53676e-010
999480,-2.26348e-010
999481,-2.15809e-010
999482,-1.30515e-010
999483,-1.62071e-010
999484,-1.7451e-010
999485,-2.1875e-010
999486,-1.57537e-010
999487,-1.1538e-010
999488,-1.8799e-010
999489,-4.80208e-010
999490,-5.71875e-010
999491,-1.43934e-010
999492,-2.88726e-010
999493,-1.46078e-010
999494,-2.54596e-010
999495,-1.57598e-010
999496,-2.09988e-010
999497,-3.53677e-010
999498,-2.7549e-010
999499,-1.9951e-010
999500,-1.8701e-010
999501,-1.85723e-010
999502,-2.00061e-010
999503,-2.32782e-010
999504,-1.83885e-010
999505,-1.54105e-010
999506,-2.99816e-010
999507,-1.15502e-010
999508,-9.91422e-011
999509,-1.27757e-010
999510,-4.90564e-010
999511,-7.83088e-011
999512,-1.47243e-010
999513,-1.56556e-010
999514,-1.51225e-010
999515,-1.54841e-010
999516,-2.14216e-010
999517,-1.59436e-010
999518,-1.98652e-010
999519,-1.67034e-010
999520,-1.95588e-010
999521,-1.14277e-010
999522,-1.7451e-010
999523,-1.0337e-010
999524,-1.42708e-010
999525,-1.64951e-010
999526,-1.86336e-010
999527,-1.87561e-010
999528,-1.33824e-010
999529,-1.46875e-010
999530,-1.60172e-010
999531,-1.54657e-010
999532,-2.32292e-010
999533,-1.2212e-010
999534,-2.13113e-010
999535,-3.97917e-010
999536,-9.66299e-011
999537,-1.70282e-010
999538,-2.0576e-010
999539,-1.82904e-010
999540,-4.80392e-010
999541,-1.71201e-010
999542,-2.81005e-010
999543,-2.03738e-010
999544,-2.07721e-010
999545,-2.35539e-010
999546,-1.45711e-010
999547,-1.54902e-010
999548,-1.28431e-010
999549,-1.43444e-010
999550,-3.72243e-010
999551,-5.19669e-010
999552,-8.82966e-011
999553,-1.4902e-010
999554,-1.54289e-010
999555,-1.24142e-010
999556,-1.17157e-010
999557,-1.47365e-010
999558,-1.57598e-010
999559,-1.07843e-010
999560,-1.51593e-010
999561,-1.60968e-010
999562,-1.29657e-010
999563,-1.12316e-010
999564,-1.87255e-010
999565,-4.35049e-010
999566,-1.01409e-010
999567,-2.35539e-010
999568,-1.98529e-010
999569,-1.06985e-010
999570,-8.07108e-010
999571,-1.5337e-010
999572,-1.25184e-010
999573,-2.05576e-010
999574,-1.5049e-010
999575,-1.92218e-010
999576,-2.32108e-010
999577,-3.04228e-010
999578,-1.72365e-010
999579,-1.00429e-010
999580,-4.23468e-010
999581,-1.50919e-010
999582,-1.50919e-010
999583,-6.875e-011
999584,-1.26225e-010
999585,-1.08395e-010
999586,-4.72181e-010
999587,-4.77083e-010
999588,-2.63235e-010
999589,-2.70711e-010
999590,-1.20037e-010
999591,-1.56679e-010
999592,-2.00858e-010
999593,-1.22426e-010
999594,-1.90993e-010
999595,-1.56434e-010
999596,-1.16667e-010
999597,-2.44056e-010
999598,-1.83395e-010
999599,-2.00245e-010
999600,-2.21752e-010
999601,-1.75613e-010
999602,-2.25919e-010
999603,-1.68505e-010
999604,-2.12745e-010
999605,-3.37255e-010
999606,-1.05025e-010
999607,-1.50184e-010
999608,-2.04412e-010
999609,-2.12255e-010
999610,-1.26225e-010
999611,-1.7837e-010
999612,-1.84007e-010
999613,-3.92341e-010
999614,-1.50245e-010
999615,-1.61091e-010
999616,-1.68015e-010
999617,-1.17034e-010
999618,-1.8989e-010
999619,-3.03002e-010
999620,-9.98774e-011
999621,-1.38358e-010
999622,-1.59007e-010
999623,-9.57108e-011
999624,-3.52819e-010
999625,-3.76838e-010
999626,-1.27145e-010
999627,-1.62684e-010
999628,-1.11275e-010
999629,-1.78799e-010
999630,-1.16728e-010
999631,-8.84804e-011
999632,-1.06801e-010
999633,-4.06679e-010
999634,-1.55453e-010
999635,-1.58088e-010
999636,-7.69608e-011
999637,-1.10968e-010
999638,-4.68137e-010
999639,-1.62255e-010
999640,-1.11581e-010
999641,-1.15809e-010
999642,-2.14461e-010
999643,-1.38358e-010
999644,-1.5527e-010
999645,-1.78554e-010
999646,-1.14154e-010
999647,-1.51961e-010
999648,-2.95956e-010
999649,-2.9951e-010
999650,-5.66851e-010
999651,-1.73284e-010
999652,-1.31311e-010
999653,-2.37377e-010
999654,-1.85355e-010
999655,-1.4277e-010
999656,-2.15625e-010
999657,-1.07659e-010
999658,-1.93444e-010
999659,-1.56495e-010
999660,-8.8701e-010
999661,-9.87745e-011
999662,-1.07966e-010
999663,-1.70037e-010
999664,-7.24694e-010
999665,-2.15135e-010
999666,-7.55576e-010
999667,-1.38725e-010
999668,-2.20343e-010
999669,-2.0288e-010
999670,-1.97243e-010
999671,-1.99326e-010
999672,-2.06863e-010
999673,-1.50919e-010
999674,-1.34865e-010
999675,-1.38051e-010
999676,-1.1973e-010
999677,-2.00613e-010
999678,-3.94179e-010
999679,-1.80208e-010
999680,-1.29412e-010
999681,-1.40993e-010
999682,-2.13971e-010
999683,-1.32598e-010
999684,-2.40748e-010
999685,-1.91728e-010
999686,-1.5435e-010
999687,-1.39154e-010
999688,-1.7886e-010
999689,-2.15196e-010
999690,-3.28677e-010
999691,-1.24387e-010
999692,-1.08517e-010
999693,-1.79044e-010
999694,-1.96875e-010
999695,-2.15686e-010
999696,-1.71324e-010
999697,-1.67525e-010
999698,-2.61336e-010
999699,-2.26961e-010
999700,-2.04657e-010
999701,-2.19853e-010
999702,-3.92586e-010
999703,-1.14277e-010
999704,-1.97181e-010
999705,-1.17953e-010
999706,-1.90931e-010
999707,-1.81495e-010
999708,-1.23407e-010
999709,-1.2261e-010
999710,-1.83762e-010
999711,-1.87561e-010
999712,-2.4326e-010
999713,-5.92524e-011
999714,-1.21752e-010
999715,-1.08885e-010
999716,-1.77328e-010
999717,-1.94179e-010
999718,-1.76471e-010
999719,-1.07659e-010
999720,-1.67463e-010
999721,-2.97855e-010
999722,-4.12377e-010
999723,-1.38113e-010
999724,-1.11152e-010
999725,-1.50735e-010
999726,-2.40074e-010
999727,-1.27145e-010
999728,-1.42341e-010
999729,-1.1636e-010
999730,-1.33578e-010
999731,-1.41483e-010
999732,-1.56495e-010
999733,-1.46017e-010
999734,-1.7065e-010
999735,-9.98162e-011
999736,-1.1777e-010
999737,-2.97733e-010
999738,-2.49939e-010
999739,-1.3364e-010
999740,-1.89522e-010
999741,-9.29963e-010
999742,-2.85601e-010
999743,-1.37745e-010
999744,-1.38664e-010
999745,-2.34559e-010
999746,-1.54841e-010
999747,-1.22855e-010
999748,-1.98162e-010
999749,-2.31495e-010
999750,-1.57169e-010
999751,-2.12868e-010
999752,-1.59375e-010
999753,-1.15748e-010
999754,-1.6636e-010
999755,-2.31005e-010
999756,-2.07414e-010
999757,-1.87745e-010
999758,-9.8223e-011
999759,-4.32782e-010
999760,-1.65074e-010
999761,-7.99632e-011
999762,-2.03554e-010
999763,-1.44424e-010
999764,-2.28125e-010
999765,-2.36642e-010
999766,-1.30637e-010
999767,-1.79779e-010
999768,-5.0674e-010
999769,-1.38542e-010
999770,-2.44914e-010
999771,-1.88971e-010
999772,-3.76961e-010
999773,-2.28799e-010
999774,-3.12868e-010
999775,-1.46262e-010
999776,-2.26777e-010
999777,-1.65074e-010
999778,-4.32169e-010
999779,-1.30025e-010
999780,-2.45098e-010
999781,-1.29534e-010
999782,-2.54167e-010
999783,-1.81311e-010
999784,-1.66054e-010
999785,-1.17892e-010
999786,-1.27083e-010
999787,-4.13174e-010
999788,-1.78248e-010
999789,-1.31127e-010
999790,-2.05944e-010
999791,-1.60539e-010
999792,-9.9326e-011
999793,-1.71201e-010
999794,-2.35478e-010
999795,-2.03983e-010
999796,-4.09743e-010
999797,-3.3413e-010
999798,-2.51042e-010
999799,-1.68873e-010
999800,-1.83333e-010
999801,-1.31556e-010
999802,-1.94608e-010
999803,-1.52819e-010
999804,-1.70343e-010
999805,-2.93627e-010
999806,-1.03676e-010
999807,-1.98223e-010
999808,-1.86581e-010
999809,-2.42279e-010
999810,-1.24694e-010
999811,-1.19179e-010
999812,-2.3848e-010
999813,-2.88051e-010
999814,-3.30882e-010
999815,-1.6011e-010
999816,-1.72549e-010
999817,-1.58456e-010
999818,-1.74816e-010
999819,-2.01777e-010
999820,-1.32966e-010
999821,-3.30147e-010
999822,-1.00368e-010
999823,-1.9761e-010
999824,-1.38848e-010
999825,-2.05453e-010
999826,-1.67096e-010
999827,-1.53125e-010
999828,-4.02696e-010
999829,-1.95282e-010
999830,-1.5386e-010
999831,-6.00245e-010
999832,-1.51654e-010
999833,-2.25858e-010
999834,-1.02635e-010
999835,-8.89706e-011
999836,-1.36826e-010
999837,-1.14951e-010
999838,-1.19608e-010
999839,-1.23775e-010
999840,-1.33333e-010
999841,-2.26164e-010
999842,-1.10172e-010
999843,-1.25429e-010
999844,-1.17463e-010
999845,-2.31679e-010
999846,-2.09191e-010
999847,-1.94608e-010
999848,-2.79412e-010
999849,-1.38603e-010
999850,-1.73897e-010
999851,-1.29289e-010
999852,-1.37868e-010
999853,-1.57537e-010
999854,-1.85172e-010
999855,-1.7114e-010
999856,-2.07843e-010
999857,-1.2114e-010
999858,-1.44179e-010
999859,-1.45895e-010
999860,-7.51225e-011
999861,-6.27206e-010
999862,-1.54596e-010
999863,-1.32475e-010
999864,-1.95404e-010
999865,-1.56066e-010
999866,-1.51716e-010
999867,-1.22672e-010
999868,-1.38848e-010
999869,-1.10049e-010
999870,-2.29105e-010
999871,-1.55882e-010
999872,-4.62378e-010
999873,-3.51287e-010
999874,-1.21385e-010
999875,-2.38603e-010
999876,-2.96936e-010
999877,-2.04841e-010
999878,-4.53064e-010
999879,-1.34804e-010
999880,-2.56066e-010
999881,-1.84988e-010
999882,-1.6636e-010
999883,-1.36029e-010
999884,-1.10907e-010
999885,-1.6489e-010
999886,-2.35846e-010
999887,-1.59681e-010
999888,-2.12132e-010
999889,-1.83762e-010
999890,-1.65748e-010
999891,-1.32353e-010
999892,-1.65012e-010
999893,-1.54534e-010
999894,-1.06801e-010
999895,-3.09681e-010
999896,-2.34069e-010
999897,-2.22488e-010
999898,-1.76287e-010
999899,-1.68566e-010
999900,-2.83272e-010
999901,-2.71507e-010
999902,-1.31434e-010
999903,-1.66789e-010
999904,-2.14951e-010
999905,-2.14154e-010
999906,-2.46875e-010
999907,-1.23529e-010
999908,-2.19179e-010
999909,-1.28922e-010
999910,-1.73468e-010
999911,-1.34375e-010
999912,-3.03677e-010
999913,-1.47426e-010
999914,-1.71078e-010
999915,-1.30576e-010
999916,-1.82292e-010
999917,-2.3462e-010
999918,-1.63848e-010
999919,-1.41054e-010
999920,-1.48652e-010
999921,-3.98039e-010
999922,-1.59743e-010
999923,-1.97855e-010
999924,-1.4326e-010
999925,-1.93689e-010
999926,-3.57414e-010
999927,-1.92892e-010
999928,-1.53676e-010
999929,-1.37439e-010
999930,-2.01532e-010
999931,-7.72672e-011
999932,-2.27819e-010
999933,-1.8989e-010
999934,-1.18382e-010
999935,-1.67708e-010
999936,-1.33088e-010
999937,-1.90686e-010
999938,-1.10662e-010
999939,-1.88113e-010
999940,-6.04289e-010
999941,-1.44424e-010
999942,-9.7549e-011
999943,-1.77819e-010
999944,-1.71446e-010
999945,-2.00306e-010
999946,-1.36213e-010
999947,-2.00858e-010
999948,-1.81311e-010
999949,-1.55147e-010
999950,-1.40196e-010
999951,-6.96691e-011
999952,-1.78983e-010
999953,-1.30208e-010
999954,-3.12316e-010
999955,-1.394e-010
999956,-1.94363e-010
999957,-1.33885e-010
999958,-2.11091e-010
999959,-1.83762e-010
999960,-1.90257e-010
999961,-1.36029e-010
999962,-1.27757e-010
999963,-2.20282e-010
999964,-2.0723e-010
999965,-1.64338e-010
999966,-1.43934e-010
999967,-1.58395e-010
999968,-1.52635e-010
999969,-1.41789e-010
999970,-1.5049e-010
999971,-1.10233e-010
999972,-3.83272e-010
999973,-2.02206e-010
999974,-4.61397e-010
999975,-1.19363e-010
999976,-1.68627e-010
999977,-1.42463e-010
999978,-2.56495e-010
999979,-1.41973e-010
999980,-2.46936e-010
999981,-1.78922e-010
999982,-1.44914e-010
999983,-1.82537e-010
999984,-2.07782e-010
999985,-1.29289e-010
999986,-1.27083e-010
999987,-2.40809e-010
999988,-2.43076e-010
999989,-1.89522e-010
999990,-2.46507e-010
999991,-2.11336e-010
999992,-2.14951e-010
999993,-1.24877e-010
999994,-2.31679e-010
999995,-1.24816e-010
999996,-1.45772e-010
999997,-1.32537e-010
999998,-1.44853e-010
999999,-9.81005e-011
