LECROYWR104MXi,15731,Waveform
Segments,1,SegmentSize,1204
Segment,TrigTime,TimeSinceSegment1
#1,01-Dec-2012 06:50:25,0                 
Time,Ampl
998796,-1.2674e-010
998797,-3.25245e-011
998798,-1.65588e-010
998799,-1.77868e-010
998800,-1.14093e-010
998801,-2.27672e-010
998802,-1.43995e-010
998803,-1.32868e-010
998804,-1.55343e-010
998805,-1.55123e-010
998806,-1.92304e-010
998807,-2.14681e-010
998808,-1.23039e-010
998809,-1.50931e-010
998810,-2.47549e-010
998811,-1.59706e-010
998812,-1.6826e-010
998813,-1.76838e-010
998814,-2.26128e-010
998815,-1.25637e-010
998816,-1.34877e-010
998817,-1.35882e-010
998818,-1.73848e-010
998819,-9.10294e-011
998820,-1.58113e-010
998821,-1.51177e-010
998822,-1.32034e-010
998823,-1.89951e-010
998824,-1.58137e-010
998825,-1.77623e-010
998826,-1.65466e-010
998827,-2.4076e-010
998828,-1.68775e-010
998829,-1.6902e-010
998830,-8.99755e-011
998831,-1.62574e-010
998832,-5.25466e-010
998833,-2.1701e-010
998834,-1.19632e-010
998835,-1.78162e-010
998836,-2.74314e-010
998837,-1.08554e-010
998838,-1.85809e-010
998839,-1.32843e-010
998840,-1.46127e-010
998841,-1.09804e-010
998842,-2.42892e-010
998843,-1.62402e-010
998844,-1.14461e-010
998845,-1.4527e-010
998846,-1.75074e-010
998847,-1.59142e-010
998848,-1.54069e-010
998849,-1.94853e-010
998850,-1.15588e-010
998851,-1.8223e-010
998852,-1.35662e-010
998853,-1.79289e-010
998854,-2.27672e-010
998855,-1.91152e-010
998856,-4.35883e-010
998857,-2.35172e-010
998858,-1.75956e-010
998859,-3.88333e-010
998860,-1.30686e-010
998861,-1.32672e-010
998862,-1.17132e-010
998863,-1.48456e-010
998864,-1.45613e-010
998865,-1.2674e-010
998866,-2.2527e-010
998867,-1.61912e-010
998868,-1.45049e-010
998869,-1.66029e-010
998870,-1.24069e-010
998871,-2.01005e-010
998872,-1.11422e-010
998873,-1.23627e-010
998874,-1.35588e-010
998875,-1.48211e-010
998876,-1.17549e-010
998877,-1.82941e-010
998878,-3.32231e-010
998879,-1.72034e-010
998880,-1.60858e-010
998881,-1.79657e-010
998882,-1.26226e-010
998883,-1.27696e-010
998884,-1.25466e-010
998885,-1.4402e-010
998886,-2.91544e-010
998887,-1.27623e-010
998888,-1.03137e-010
998889,-8.69608e-011
998890,-1.90784e-010
998891,-1.1e-010
998892,-1.50515e-010
998893,-2.44142e-010
998894,-1.96716e-010
998895,-2.21667e-010
998896,-1.40074e-010
998897,-2.07525e-010
998898,-1.4e-010
998899,-2.24093e-010
998900,-6.84682e-010
998901,-1.31446e-010
998902,-7.75981e-011
998903,-1.88407e-010
998904,-6.96569e-011
998905,-1.90466e-010
998906,-1.38897e-010
998907,-1.58726e-010
998908,-1.22328e-010
998909,-1.22402e-010
998910,-1.38677e-010
998911,-1.46887e-010
998912,-1.57083e-010
998913,-1.53186e-010
998914,-1.20931e-010
998915,-3.05466e-010
998916,-2.61005e-010
998917,-1.95368e-010
998918,-2.08113e-010
998919,-2.33113e-010
998920,-1.87843e-010
998921,-2.06814e-010
998922,-1.91765e-010
998923,-1.32598e-010
998924,-1.35686e-010
998925,-1.84363e-010
998926,-1.21275e-010
998927,-1.49216e-010
998928,-1.24779e-010
998929,-1.50196e-010
998930,-1.31912e-010
998931,-1.4527e-010
998932,-1.33431e-010
998933,-1.51569e-010
998934,-2.28505e-010
998935,-1.9e-010
998936,-1.5098e-010
998937,-1.12525e-010
998938,-9.07108e-011
998939,-1.8201e-010
998940,-1.0924e-010
998941,-1.07255e-010
998942,-1.48652e-010
998943,-1.40319e-010
998944,-1.50172e-010
998945,-3.14951e-010
998946,-1.1951e-010
998947,-2.01495e-010
998948,-2.29902e-010
998949,-1.69657e-010
998950,-1.44828e-010
998951,-1.11446e-010
998952,-1.70539e-010
998953,-1.21912e-010
998954,-1.34877e-010
998955,-2.32206e-010
998956,-1.68628e-010
998957,-1.52721e-010
998958,-2.40662e-010
998959,-2.47059e-010
998960,-1.2125e-010
998961,-1.59338e-010
998962,-1.4375e-010
998963,-1.8723e-010
998964,-2.00466e-010
998965,-1.98529e-010
998966,-1.17059e-010
998967,-1.01814e-010
998968,-3.57696e-010
998969,-1.34289e-010
998970,-2.35956e-010
998971,-1.31961e-010
998972,-2.13456e-010
998973,-1.43529e-010
998974,-3.08186e-010
998975,-2.35319e-010
998976,-3.87917e-010
998977,-2.43333e-010
998978,-1.87206e-010
998979,-1.75515e-010
998980,-1.19338e-010
998981,-2.41226e-010
998982,-1.46422e-010
998983,-1.01078e-010
998984,-1.97574e-010
998985,-1.73333e-010
998986,-2.37181e-010
998987,-2.33333e-010
998988,-2.92304e-010
998989,-8.83824e-011
998990,-1.48873e-010
998991,-1.35613e-010
998992,-1.3799e-010
998993,-3.00686e-010
998994,-1.94289e-010
998995,-1.00417e-010
998996,-2.3174e-010
998997,-5.25074e-010
998998,-1.62868e-010
998999,-1.3473e-010
999000,-1.71887e-010
999001,-1.11838e-010
999002,-1.32451e-010
999003,-2.66642e-010
999004,-3.01691e-010
999005,-5.76789e-010
999006,-1.79583e-010
999007,-1.28726e-010
999008,-1.49779e-010
999009,-1.49387e-010
999010,-1.72696e-010
999011,-1.51961e-010
999012,-3.47083e-010
999013,-4.1478e-010
999014,-1.3027e-010
999015,-2.07451e-010
999016,-1.81887e-010
999017,-2.7049e-010
999018,-1.20343e-010
999019,-1.45221e-010
999020,-2.57059e-010
999021,-1.34877e-010
999022,-2.21422e-010
999023,-2.89289e-010
999024,-2.43848e-010
999025,-2.28015e-010
999026,-1.54657e-010
999027,-1.69314e-010
999028,-1.81054e-010
999029,-2.33775e-010
999030,-1.71103e-010
999031,-1.21642e-010
999032,-1.60907e-010
999033,-4.91495e-010
999034,-1.39779e-010
999035,-1.34069e-010
999036,-1.97647e-010
999037,-2.37059e-010
999038,-1.14363e-010
999039,-2.70294e-010
999040,-1.66422e-010
999041,-1.8826e-010
999042,-2.05123e-010
999043,-1.58088e-010
999044,-1.30221e-010
999045,-1.80098e-010
999046,-2.23162e-010
999047,-2.28358e-010
999048,-4.90686e-010
999049,-2.83284e-010
999050,-2.05392e-010
999051,-1.53701e-010
999052,-1.37623e-010
999053,-1.24314e-010
999054,-9.4853e-011
999055,-2.0875e-010
999056,-2.44363e-010
999057,-1.7625e-010
999058,-1.21348e-010
999059,-2.86152e-010
999060,-2.06177e-010
999061,-2.73088e-010
999062,-2.04338e-010
999063,-1.66716e-010
999064,-1.84363e-010
999065,-1.46544e-010
999066,-3.36079e-010
999067,-1.31985e-010
999068,-9.49265e-011
999069,-1.53113e-010
999070,-2.19387e-010
999071,-1.40735e-010
999072,-1.50294e-010
999073,-1.88064e-010
999074,-1.49657e-010
999075,-1.27353e-010
999076,-2.24706e-010
999077,-7.47059e-011
999078,-1.98431e-010
999079,-2.3826e-010
999080,-8.0049e-010
999081,-1.82892e-010
999082,-1.63677e-010
999083,-9.39951e-011
999084,-2.40392e-010
999085,-1.68677e-010
999086,-1.7375e-010
999087,-2.22255e-010
999088,-2.39093e-010
999089,-1.84878e-010
999090,-1.30809e-010
999091,-1.2598e-010
999092,-1.48162e-010
999093,-2.16985e-010
999094,-1.96863e-010
999095,-1.83922e-010
999096,-1.81103e-010
999097,-1.38799e-010
999098,-1.64755e-010
999099,-1.08848e-010
999100,-1.18137e-010
999101,-1.17843e-010
999102,-1.38235e-010
999103,-2.04534e-010
999104,-4.47868e-010
999105,-2.55025e-010
999106,-1.49412e-010
999107,-1.36324e-010
999108,-1.71471e-010
999109,-1.50931e-010
999110,-1.53113e-010
999111,-3.30882e-010
999112,-4.97647e-010
999113,-1.16324e-010
999114,-1.05343e-010
999115,-1.59534e-010
999116,-1.75417e-010
999117,-1.23799e-010
999118,-1.36961e-010
999119,-1.6223e-010
999120,-1.54216e-010
999121,-1.30711e-010
999122,-1.63309e-010
999123,-2.75441e-010
999124,-1.84387e-010
999125,-1.28186e-010
999126,-1.21838e-010
999127,-3.45343e-010
999128,-1.78628e-010
999129,-1.42157e-010
999130,-6.3701e-011
999131,-2.00662e-010
999132,-1.12059e-010
999133,-1.13963e-009
999134,-1.02034e-010
999135,-1.92574e-010
999136,-3.99706e-010
999137,-1.88529e-010
999138,-2.34265e-010
999139,-1.27574e-010
999140,-8.77941e-011
999141,-2.1875e-010
999142,-1.98456e-010
999143,-2.12427e-010
999144,-1.54755e-010
999145,-2.58407e-010
999146,-9.625e-011
999147,-1.72966e-010
999148,-2.50711e-010
999149,-2.21544e-010
999150,-2.21985e-010
999151,-1.76765e-010
999152,-1.05858e-010
999153,-1.62794e-010
999154,-1.58799e-010
999155,-1.82279e-010
999156,-2.27427e-010
999157,-1.58113e-010
999158,-2.74436e-010
999159,-1.62083e-010
999160,-1.53995e-010
999161,-1.82647e-010
999162,-9.63162e-010
999163,-3.7674e-010
999164,-2.91471e-010
999165,-1.61863e-010
999166,-1.76054e-010
999167,-1.10686e-010
999168,-8.10294e-011
999169,-1.51324e-010
999170,-1.58162e-010
999171,-1.69314e-010
999172,-1.15466e-010
999173,-1.8875e-010
999174,-1.88039e-010
999175,-2.21373e-010
999176,-3.01079e-010
999177,-1.94804e-010
999178,-8.84388e-010
999179,-1.72304e-010
999180,-1.13211e-010
999181,-1.50196e-010
999182,-1.62304e-010
999183,-1.14804e-010
999184,-3.12549e-010
999185,-2.73064e-010
999186,-1.51593e-010
999187,-1.37794e-010
999188,-1.13946e-010
999189,-9.67647e-011
999190,-2.12304e-010
999191,-1.12451e-010
999192,-1.60147e-010
999193,-2.12476e-010
999194,-2.20343e-010
999195,-1.84314e-010
999196,-6.89461e-011
999197,-1.60147e-010
999198,-1.13382e-010
999199,-2.41226e-010
999200,-9.48285e-011
999201,-1.7924e-010
999202,-1.57525e-010
999203,-2.1902e-010
999204,-1.67745e-010
999205,-1.64485e-010
999206,-2.82034e-010
999207,-3.99755e-010
999208,-2.57672e-010
999209,-1.49044e-010
999210,-1.25368e-010
999211,-1.20466e-010
999212,-2.32623e-010
999213,-1.55147e-010
999214,-1.50074e-010
999215,-4.19167e-010
999216,-5.70833e-011
999217,-1.98162e-010
999218,-1.32966e-010
999219,-1.72402e-010
999220,-1.74289e-010
999221,-1.35735e-010
999222,-1.91324e-010
999223,-1.60686e-010
999224,-1.51716e-010
999225,-1.51005e-010
999226,-9.64461e-011
999227,-1.68628e-010
999228,-1.30392e-010
999229,-1.14093e-010
999230,-1.50588e-010
999231,-1.27892e-010
999232,-1.18971e-010
999233,-1.25588e-010
999234,-1.21544e-010
999235,-1.67696e-010
999236,-1.47059e-010
999237,-1.9674e-010
999238,-1.68113e-010
999239,-2.78088e-010
999240,-2.52574e-010
999241,-1.62623e-010
999242,-1.70686e-010
999243,-1.42279e-010
999244,-1.17917e-010
999245,-1.35049e-010
999246,-5.4674e-010
999247,-3.05711e-010
999248,-1.51324e-010
999249,-9.74265e-011
999250,-2.88628e-010
999251,-3.1799e-010
999252,-1.11838e-010
999253,-2.14044e-010
999254,-1.36716e-010
999255,-1.53995e-010
999256,-2.65294e-010
999257,-1.09779e-010
999258,-1.67034e-010
999259,-1.69828e-010
999260,-1.50711e-010
999261,-1.22157e-010
999262,-1.65e-010
999263,-1.93309e-010
999264,-1.0402e-010
999265,-9.875e-011
999266,-1.92623e-010
999267,-1.96275e-010
999268,-1.30074e-010
999269,-7.66177e-011
999270,-1.21936e-010
999271,-1.17868e-010
999272,-1.79191e-010
999273,-5.60147e-010
999274,-1.54387e-010
999275,-2.0348e-010
999276,-1.3826e-010
999277,-5.27549e-010
999278,-1.22672e-010
999279,-1.72892e-010
999280,-1.28799e-010
999281,-1.74902e-010
999282,-1.3125e-010
999283,-2.49878e-010
999284,-1.68652e-010
999285,-1.38431e-010
999286,-1.47181e-010
999287,-1.45368e-010
999288,-1.52108e-010
999289,-1.33456e-010
999290,-2.11005e-010
999291,-2.43431e-010
999292,-1.46863e-010
999293,-1.36912e-010
999294,-1.93922e-010
999295,-1.59363e-010
999296,-2.575e-010
999297,-2.23431e-010
999298,-1.84167e-010
999299,-1.51078e-010
999300,-1.51201e-010
999301,-1.88039e-010
999302,-2.61618e-010
999303,-1.38799e-010
999304,-1.27402e-010
999305,-1.45343e-010
999306,-1.86765e-010
999307,-1.3049e-010
999308,-1.85515e-010
999309,-4.89976e-010
999310,-1.63971e-010
999311,-1.13284e-010
999312,-1.07525e-010
999313,-1.29902e-010
999314,-1.64976e-010
999315,-1.41373e-010
999316,-1.97255e-010
999317,-1.32427e-010
999318,-1.62868e-010
999319,-9.11765e-011
999320,-1.32843e-010
999321,-1.48137e-010
999322,-1.30074e-010
999323,-4.18211e-010
999324,-1.19387e-010
999325,-1.08799e-010
999326,-1.33775e-010
999327,-1.60172e-010
999328,-2.95882e-010
999329,-2.2299e-010
999330,-2.2049e-010
999331,-1.28995e-010
999332,-7.51961e-011
999333,-1.12059e-010
999334,-2.83677e-010
999335,-2.57279e-010
999336,-1.54265e-010
999337,-9.74265e-011
999338,-1.58137e-010
999339,-2.12941e-010
999340,-1.72525e-010
999341,-1.21544e-010
999342,-1.96814e-010
999343,-3.6826e-010
999344,-1.14363e-010
999345,-4.67255e-010
999346,-2.33652e-010
999347,-9.72059e-011
999348,-1.3576e-010
999349,-1.61397e-010
999350,-2.58039e-010
999351,-1.78333e-010
999352,-3.21446e-010
999353,-3.72966e-010
999354,-1.96838e-010
999355,-2.12206e-010
999356,-1.62525e-010
999357,-1.64412e-010
999358,-1.27181e-010
999359,-2.02034e-010
999360,-9.57353e-011
999361,-1.88505e-010
999362,-1.72402e-010
999363,-2.40123e-010
999364,-2.17034e-010
999365,-1.59363e-010
999366,-1.23064e-010
999367,-2.64118e-010
999368,-1.58922e-010
999369,-1.37647e-010
999370,-2.79927e-010
999371,-1.30956e-010
999372,-1.69755e-010
999373,-8.95098e-011
999374,-2.17819e-010
999375,-4.17231e-010
999376,-1.39877e-010
999377,-1.33652e-010
999378,-2.15025e-010
999379,-1.19216e-010
999380,-1.0375e-010
999381,-1.99387e-010
999382,-5.30098e-010
999383,-1.34681e-010
999384,-1.17843e-010
999385,-9.03432e-011
999386,-2.16029e-010
999387,-2.70735e-010
999388,-1.21789e-010
999389,-1.28333e-010
999390,-1.63554e-010
999391,-1.77255e-010
999392,-1.49927e-010
999393,-1.81348e-010
999394,-1.63726e-010
999395,-1.45907e-010
999396,-2.24363e-010
999397,-1.77181e-010
999398,-9.30637e-011
999399,-1.48162e-010
999400,-2.33186e-010
999401,-1.08358e-010
999402,-1.51667e-010
999403,-4.85686e-010
999404,-2.14706e-010
999405,-1.59804e-010
999406,-2.98946e-010
999407,-3.96985e-010
999408,-2.26275e-010
999409,-2.20662e-010
999410,-1.21422e-010
999411,-1.33627e-010
999412,-1.16324e-010
999413,-1.00686e-010
999414,-1.75931e-010
999415,-1.6299e-010
999416,-1.72745e-010
999417,-1.33652e-010
999418,-3.61299e-010
999419,-1.33652e-010
999420,-2.27304e-010
999421,-1.2e-010
999422,-1.98015e-010
999423,-1.17794e-010
999424,-1.17328e-010
999425,-1.16814e-010
999426,-2.13333e-010
999427,-2.05637e-010
999428,-4.77696e-011
999429,-1.70564e-010
999430,-1.88603e-010
999431,-3.83333e-010
999432,-1.74632e-010
999433,-9.41667e-011
999434,-2.28971e-010
999435,-1.50343e-010
999436,-1.94706e-010
999437,-1.45711e-010
999438,-1.95833e-010
999439,-2.53064e-010
999440,-1.13848e-010
999441,-1.59681e-010
999442,-1.16127e-010
999443,-1.2826e-010
999444,-1.47892e-010
999445,-1.79436e-010
999446,-1.67672e-010
999447,-4.62255e-011
999448,-8.50735e-011
999449,-1.64534e-010
999450,-1.6799e-010
999451,-1.17255e-010
999452,-1.36177e-010
999453,-1.2e-010
999454,-1.38529e-010
999455,-4.9603e-010
999456,-1.075e-010
999457,-1.56397e-010
999458,-2.78652e-010
999459,-1.31863e-010
999460,-2.61814e-010
999461,-2.09363e-010
999462,-1.86446e-010
999463,-1.63603e-010
999464,-1.81961e-010
999465,-1.40882e-010
999466,-1.44338e-010
999467,-1.13431e-010
999468,-1.48309e-010
999469,-7.74755e-011
999470,-1.41593e-010
999471,-8.32843e-011
999472,-1.49583e-010
999473,-1.24828e-010
999474,-1.78701e-010
999475,-1.9174e-010
999476,-1.37672e-010
999477,-1.1125e-010
999478,-1.20858e-010
999479,-2.46348e-010
999480,-1.97402e-010
999481,-1.29608e-010
999482,-3.49632e-010
999483,-1.74314e-010
999484,-1.66691e-010
999485,-2.21275e-010
999486,-2.96397e-010
999487,-3.57819e-010
999488,-2.36177e-010
999489,-1.53088e-010
999490,-1.26814e-010
999491,-1.54044e-010
999492,-1.11863e-010
999493,-2.29878e-010
999494,-2.47917e-010
999495,-1.0527e-010
999496,-1.16299e-010
999497,-1.30711e-010
999498,-1.46814e-010
999499,-1.17721e-010
999500,-1.3549e-010
999501,-1.6098e-010
999502,-1.6076e-010
999503,-1.26324e-010
999504,-1.04289e-010
999505,-3.39902e-010
999506,-1.6201e-010
999507,-1.45588e-010
999508,-1.83309e-010
999509,-3.64093e-010
999510,-1.77819e-010
999511,-2.07696e-010
999512,-1.52623e-010
999513,-1.84387e-010
999514,-1.45392e-010
999515,-2.68456e-010
999516,-2.18726e-010
999517,-4.09387e-010
999518,-1.21593e-010
999519,-2.16544e-010
999520,-1.96544e-010
999521,-2.3027e-010
999522,-1.9473e-010
999523,-7.14461e-011
999524,-3.21814e-011
999525,-1.16029e-010
999526,-1.37402e-010
999527,-1.39461e-010
999528,-2.40294e-010
999529,-1.73971e-010
999530,-8.93628e-011
999531,-1.42574e-010
999532,-1.31078e-010
999533,-2.55809e-010
999534,-2.96961e-010
999535,-1.91544e-010
999536,-1.43578e-010
999537,-1.06716e-010
999538,-1.22696e-010
999539,-4.19608e-011
999540,-1.11569e-010
999541,-1.60588e-010
999542,-1.25833e-010
999543,-1.30637e-010
999544,-1.09902e-010
999545,-1.63554e-010
999546,-1.49167e-010
999547,-1.58946e-010
999548,-1.40858e-010
999549,-2.72525e-010
999550,-2.61324e-010
999551,-1.03358e-010
999552,-1.19976e-010
999553,-1.7125e-010
999554,-9.3701e-011
999555,-1.37206e-010
999556,-1.51691e-010
999557,-1.84363e-010
999558,-1.2277e-010
999559,-1.18995e-010
999560,-1.63971e-010
999561,-2.56348e-010
999562,-1.37843e-010
999563,-8.93628e-011
999564,-1.79461e-010
999565,-2.44779e-010
999566,-1.86177e-010
999567,-1.47574e-010
999568,-2.74902e-010
999569,-9.29902e-011
999570,-1.37108e-010
999571,-1.44387e-010
999572,-1.14559e-010
999573,-1.7e-010
999574,-1.53162e-010
999575,-1.21863e-010
999576,-1.13456e-010
999577,-1.61348e-010
999578,-1.01863e-010
999579,-2.20049e-010
999580,-1.86887e-010
999581,-2.91985e-010
999582,-1.54167e-010
999583,-2.29657e-010
999584,-3.5098e-011
999585,-1.55686e-010
999586,-1.76936e-010
999587,-1.7348e-010
999588,-2.1549e-010
999589,-1.48726e-010
999590,-1.78064e-010
999591,-1.43677e-010
999592,-1.58824e-010
999593,-1.68775e-010
999594,-1.34534e-010
999595,-1.51593e-010
999596,-1.37108e-010
999597,-2.02451e-010
999598,-1.94976e-010
999599,-2.99044e-010
999600,-1.95833e-010
999601,-1.42647e-010
999602,-2.11569e-010
999603,-1.68039e-010
999604,-1.73873e-010
999605,-1.33505e-010
999606,-1.15956e-010
999607,-1.79216e-010
999608,-4.39927e-010
999609,-1.56838e-010
999610,-1.4799e-010
999611,-9.70343e-011
999612,-1.17083e-010
999613,-1.87378e-010
999614,-1.25882e-010
999615,-1.46275e-010
999616,-1.13235e-010
999617,-2.28407e-010
999618,-3.71544e-010
999619,-3.80833e-010
999620,-2.29387e-010
999621,-3.3277e-010
999622,-1.62843e-010
999623,-1.25907e-010
999624,-2.00735e-010
999625,-1.11642e-010
999626,-1.56005e-010
999627,-1.12083e-010
999628,-1.92696e-010
999629,-1.29191e-010
999630,-1.36936e-010
999631,-1.95637e-010
999632,-1.88235e-010
999633,-1.4125e-010
999634,-3.35662e-010
999635,-5.3424e-010
999636,-2.35172e-010
999637,-1.36618e-010
999638,-1.47451e-010
999639,-6.66177e-011
999640,-1.41936e-010
999641,-7.8603e-011
999642,-2.74559e-010
999643,-1.69632e-010
999644,-1.42794e-010
999645,-2.32476e-010
999646,-1.68456e-010
999647,-1.58358e-010
999648,-1.35319e-010
999649,-1.34779e-010
999650,-3.53995e-010
999651,-1.69755e-010
999652,-1.68309e-010
999653,-1.51397e-010
999654,-2.03554e-010
999655,-2.16789e-010
999656,-1.95319e-010
999657,-2.95613e-010
999658,-2.24878e-010
999659,-8.39951e-011
999660,-5.02206e-010
999661,-1.68137e-010
999662,-9.51961e-011
999663,-1.08284e-010
999664,-1.11912e-010
999665,-2.59632e-010
999666,-1.68137e-010
999667,-1.46495e-010
999668,-1.40907e-010
999669,-2.65319e-010
999670,-1.39289e-010
999671,-6.16152e-010
999672,-1.65441e-010
999673,-1.33873e-010
999674,-1.40613e-010
999675,-3.4978e-010
999676,-3.26054e-010
999677,-1.49387e-010
999678,-7.11765e-011
999679,-1.58211e-010
999680,-1.90735e-010
999681,-1.61324e-010
999682,-1.8e-010
999683,-1.20368e-010
999684,-1.29779e-010
999685,-6.46324e-011
999686,-1.98382e-010
999687,-2.48333e-010
999688,-1.28064e-010
999689,-3.70833e-010
999690,-2.76226e-010
999691,-2.11863e-010
999692,-1.60343e-010
999693,-3.73554e-010
999694,-1.08137e-010
999695,-1.03848e-010
999696,-4.48848e-010
999697,-1.11054e-010
999698,-1.84902e-010
999699,-7.56863e-011
999700,-1.3951e-010
999701,-1.13529e-010
999702,-1.58726e-010
999703,-1.25368e-010
999704,-1.725e-010
999705,-1.71201e-010
999706,-1.52451e-010
999707,-1.90368e-010
999708,-8.40441e-011
999709,-2.08946e-010
999710,-2.46814e-010
999711,-2.20417e-010
999712,-1.42892e-010
999713,-3.10319e-010
999714,-7.69118e-011
999715,-9.23039e-011
999716,-1.27083e-010
999717,-1.17255e-010
999718,-9.66912e-011
999719,-9.44363e-011
999720,-1.51201e-010
999721,-1.55833e-010
999722,-1.30784e-010
999723,-2.41373e-010
999724,-1.14387e-010
999725,-1.13848e-010
999726,-9.51226e-011
999727,-1.86299e-010
999728,-1.34927e-010
999729,-8.31373e-011
999730,-1.69681e-010
999731,-1.45833e-010
999732,-4.8902e-010
999733,-1.22525e-010
999734,-3.78284e-010
999735,-1.23211e-010
999736,-1.54534e-010
999737,-9.50736e-011
999738,-4.05686e-010
999739,-1.64436e-010
999740,-2.54191e-010
999741,-6.93873e-011
999742,-2.0326e-010
999743,-1.08333e-010
999744,-1.60711e-010
999745,-2.98652e-010
999746,-1.66569e-010
999747,-1.49779e-010
999748,-4.64902e-010
999749,-1.49142e-010
999750,-1.9473e-010
999751,-3.41765e-010
999752,-1.41667e-010
999753,-1.66667e-010
999754,-1.41936e-010
999755,-1.27427e-010
999756,-1.80098e-010
999757,-1.70907e-010
999758,-1.61324e-010
999759,-3.21691e-010
999760,-1.31348e-010
999761,-8.85539e-011
999762,-2.28162e-010
999763,-1.57476e-010
999764,-1.03137e-010
999765,-1.67108e-010
999766,-1.23088e-010
999767,-9.14216e-011
999768,-1.65515e-010
999769,-2.07549e-010
999770,-2.34436e-010
999771,-9.98285e-011
999772,-9.85294e-011
999773,-1.26177e-010
999774,-1.51324e-010
999775,-1.57304e-010
999776,-1.37745e-010
999777,-1.49559e-010
999778,-1.42034e-010
999779,-1.75564e-010
999780,-1.24828e-010
999781,-3.87892e-010
999782,-1.47525e-010
999783,-3.71569e-010
999784,-1.75123e-010
999785,-3.41446e-010
999786,-3.20343e-010
999787,-1.80294e-010
999788,-1.3375e-010
999789,-1.45735e-010
999790,-1.12304e-010
999791,-1.63627e-010
999792,-1.67549e-010
999793,-2.25539e-010
999794,-1.27108e-010
999795,-2.08211e-010
999796,-2.87059e-010
999797,-1.55833e-010
999798,-1.37745e-010
999799,-1.19657e-010
999800,-2.63039e-010
999801,-1.22892e-010
999802,-1.5598e-010
999803,-3.92083e-010
999804,-1.02353e-010
999805,-1.85784e-010
999806,-1.35466e-010
999807,-1.1375e-010
999808,-1.51152e-010
999809,-1.25368e-010
999810,-1.50025e-010
999811,-6.18824e-010
999812,-1.01789e-010
999813,-3.01936e-010
999814,-1.08211e-010
999815,-2.59902e-010
999816,-3.11079e-010
999817,-2.26054e-010
999818,-1.83088e-010
999819,-1.99069e-010
999820,-2.86079e-010
999821,-1.63578e-010
999822,-2.19485e-010
999823,-2.56961e-010
999824,-1.5027e-010
999825,-3.49191e-010
999826,-2.08873e-010
999827,-1.57034e-010
999828,-1.34706e-010
999829,-1.62672e-010
999830,-2.98652e-010
999831,-2.70907e-010
999832,-1.80588e-010
999833,-2.77941e-010
999834,-1.82574e-010
999835,-2.28824e-010
999836,-1.02574e-010
999837,-1.71226e-010
999838,-1.59461e-010
999839,-1.73358e-010
999840,-3.39191e-010
999841,-1.86912e-010
999842,-2.15564e-010
999843,-1.75613e-010
999844,-1.93775e-010
999845,-1.51887e-010
999846,-1.55613e-010
999847,-1.51544e-010
999848,-1.00466e-010
999849,-2.13726e-010
999850,-1.4049e-010
999851,-9.3603e-011
999852,-1.11078e-010
999853,-1.73824e-010
999854,-1.15809e-010
999855,-1.22696e-010
999856,-2.60882e-010
999857,-1.01103e-010
999858,-1.48211e-010
999859,-1.51789e-010
999860,-1.25907e-010
999861,-1.32255e-010
999862,-1.35711e-010
999863,-1.56275e-010
999864,-8.02451e-011
999865,-2.15686e-010
999866,-1.78186e-010
999867,-1.38382e-010
999868,-1.53652e-010
999869,-1.06275e-010
999870,-3.0603e-010
999871,-1.65221e-010
999872,-7.57108e-011
999873,-8.76961e-011
999874,-2.10466e-010
999875,-1.2424e-010
999876,-1.43701e-010
999877,-1.94706e-010
999878,-1.33162e-010
999879,-8.93628e-011
999880,-1.67696e-010
999881,-1.41789e-010
999882,-1.70049e-010
999883,-1.56985e-010
999884,-1.05637e-010
999885,-1.34461e-010
999886,-1.69878e-010
999887,-1.30221e-010
999888,-1.80735e-010
999889,-2.62868e-010
999890,-1.90147e-010
999891,-1.46127e-010
999892,-2.03211e-010
999893,-9.32108e-011
999894,-1.93848e-010
999895,-2.60956e-010
999896,-2.53971e-010
999897,-1.10147e-010
999898,-1.09142e-010
999899,-2.20417e-010
999900,-1.37623e-010
999901,-1.87966e-010
999902,-2.98456e-010
999903,-2.25882e-010
999904,-1.17157e-010
999905,-2.2973e-010
999906,-1.44951e-010
999907,-2.97034e-010
999908,-1.00172e-010
999909,-1.99142e-010
999910,-2.36838e-010
999911,-1.175e-010
999912,-2.11471e-010
999913,-1.44069e-010
999914,-1.12279e-010
999915,-1.21299e-010
999916,-2.14559e-010
999917,-1.8902e-010
999918,-2.06863e-010
999919,-4.44387e-010
999920,-2.05539e-010
999921,-1.97083e-010
999922,-1.69412e-010
999923,-2.48186e-010
999924,-1.45245e-010
999925,-3.59583e-010
999926,-1.57377e-010
999927,-1.91446e-010
999928,-2.81912e-010
999929,-1.97108e-010
999930,-1.8777e-010
999931,-1.89706e-010
999932,-1.18677e-010
999933,1.13726e-011
999934,-9.47794e-011
999935,-1.09902e-010
999936,-1.73211e-010
999937,-4.09559e-010
999938,-1.31691e-010
999939,-1.26127e-010
999940,-1.85245e-010
999941,-1.60123e-010
999942,-1.6e-010
999943,-4.00147e-010
999944,-1.46691e-010
999945,-1.92083e-010
999946,-1.24338e-010
999947,-1.87108e-010
999948,-1.93431e-010
999949,-1.8098e-010
999950,-1.06373e-010
999951,-1.20613e-010
999952,-1.53946e-010
999953,-1.85564e-010
999954,-1.12206e-010
999955,-1.36348e-010
999956,-1.40539e-010
999957,-9.25245e-011
999958,-1.6527e-010
999959,-2.07745e-010
999960,-2.17647e-010
999961,-1.76789e-010
999962,-9.58334e-011
999963,-1.30613e-010
999964,-2.53039e-010
999965,-2.32378e-010
999966,-1.6473e-010
999967,-9.00981e-011
999968,-2.54118e-010
999969,-3.58897e-010
999970,-1.74412e-010
999971,-1.67696e-010
999972,-1.26103e-010
999973,-1.76961e-010
999974,-1.40907e-010
999975,-2.13284e-010
999976,-1.70466e-010
999977,-2.80245e-010
999978,-1.45956e-010
999979,-1.35147e-010
999980,-1.82966e-010
999981,-2.10882e-010
999982,-1.79191e-010
999983,-1.44976e-010
999984,-2.01348e-010
999985,-1.77819e-010
999986,-1.27843e-010
999987,-1.41127e-010
999988,-2.61201e-010
999989,-1.86593e-010
999990,-1.86814e-010
999991,-3.41838e-010
999992,-2.28775e-010
999993,-2.28162e-010
999994,-2.36201e-010
999995,-2.6875e-010
999996,-1.75466e-010
999997,-1.54951e-010
999998,-9.96814e-011
999999,-2.35172e-010
