LECROYWR104MXi,15731,Waveform
Segments,1,SegmentSize,1378
Segment,TrigTime,TimeSinceSegment1
#1,01-Dec-2012 07:02:38,0                 
Time,Ampl
998622,-1.5451e-010
998623,-2.4576e-010
998624,-2.05833e-010
998625,-1.20637e-010
998626,-5.30932e-010
998627,-2.73162e-010
998628,-1.33211e-010
998629,-1.05711e-010
998630,-1.85343e-010
998631,-2.28431e-010
998632,-1.25e-010
998633,-1.23995e-010
998634,-1.17108e-010
998635,-2.19657e-010
998636,-1.21495e-010
998637,-1.97353e-010
998638,-1.9277e-010
998639,-3.45343e-010
998640,-2.00123e-010
998641,-5.01226e-010
998642,-1.42598e-010
998643,-1.36716e-010
998644,-1.70074e-010
998645,-1.44338e-010
998646,-2.84387e-010
998647,-1.52868e-010
998648,-1.78039e-010
998649,-2.40098e-010
998650,-1.46789e-010
998651,-1.31422e-010
998652,-1.62745e-010
998653,-1.475e-010
998654,-1.30392e-010
998655,-1.6973e-010
998656,-2.15539e-010
998657,-1.53627e-010
998658,-1.66863e-010
998659,-2.0277e-010
998660,-1.51348e-010
998661,-2.2924e-010
998662,-1.80882e-010
998663,-1.66765e-010
998664,-1.34755e-010
998665,-2.36667e-010
998666,-1.5652e-010
998667,-2.91177e-010
998668,-2.03162e-010
998669,-2.05123e-010
998670,-1.8125e-010
998671,-2.64412e-010
998672,-1.30049e-010
998673,-1.84069e-010
998674,-1.86324e-010
998675,-1.96397e-010
998676,-1.78971e-010
998677,-1.84608e-010
998678,-1.94534e-010
998679,-1.63333e-010
998680,-3.61103e-010
998681,-1.76667e-010
998682,-3.45319e-010
998683,-1.5924e-010
998684,-1.47966e-010
998685,-1.27083e-010
998686,-2.68824e-010
998687,-1.55123e-010
998688,-1.04828e-010
998689,-1.14314e-010
998690,-1.17745e-010
998691,-1.40098e-010
998692,-1.35613e-010
998693,-1.92157e-010
998694,-1.39534e-010
998695,-1.19534e-010
998696,-1.60662e-010
998697,-1.60931e-010
998698,-2.10735e-010
998699,-1.32083e-010
998700,-1.52034e-010
998701,-1.65368e-010
998702,-2.80343e-010
998703,-1.81716e-010
998704,-1.70049e-010
998705,-1.81912e-010
998706,-2.2826e-010
998707,-1.33039e-010
998708,-2.41667e-010
998709,-1.55245e-010
998710,-1.72402e-010
998711,-1.97476e-010
998712,-1.67525e-010
998713,-2.18971e-010
998714,-2.00025e-010
998715,-3.30147e-010
998716,-2.00221e-010
998717,-1.1902e-010
998718,-1.65098e-010
998719,-1.76716e-010
998720,-2.90564e-010
998721,-3.08333e-010
998722,-1.95735e-010
998723,-1.67941e-010
998724,-2.53603e-010
998725,-2.05735e-010
998726,-2.2924e-010
998727,-2.50515e-010
998728,-2.65882e-010
998729,-3.11569e-010
998730,-1.15784e-010
998731,-1.58162e-010
998732,-8.41103e-010
998733,-1.35417e-010
998734,-1.54485e-010
998735,-1.90956e-010
998736,-1.47672e-010
998737,-3.90392e-010
998738,-1.5152e-010
998739,-1.3549e-010
998740,-1.01029e-010
998741,-2.04314e-010
998742,-2.22328e-010
998743,-2.77353e-010
998744,-1.02745e-010
998745,-1.42304e-010
998746,-9.44118e-011
998747,-1.71422e-010
998748,-1.7348e-010
998749,-1.28064e-010
998750,-1.49779e-010
998751,-9.03432e-011
998752,-2.51128e-010
998753,-5.12059e-010
998754,-1.74927e-010
998755,-1.53824e-010
998756,-1.79412e-010
998757,-1.62402e-010
998758,-1.32525e-010
998759,-2.56324e-010
998760,-2.54927e-010
998761,-2.19853e-010
998762,-1.5875e-010
998763,-2.14093e-010
998764,-1.65686e-010
998765,-1.88652e-010
998766,-1.46667e-010
998767,-1.32819e-010
998768,-3.46569e-010
998769,-2.05319e-010
998770,-1.76887e-010
998771,-1.46887e-010
998772,-3.76716e-010
998773,-1.31054e-010
998774,-2.10098e-010
998775,-3.19461e-010
998776,-1.57255e-010
998777,-1.64877e-010
998778,-2.16985e-010
998779,-1.38677e-010
998780,-3.8e-010
998781,-1.29681e-010
998782,-2.16544e-010
998783,-1.34093e-010
998784,-2.38333e-010
998785,-2.88554e-010
998786,-1.4973e-010
998787,-1.85441e-010
998788,-2.50074e-010
998789,-1.10319e-010
998790,-1.50466e-010
998791,-1.74265e-010
998792,-1.30343e-010
998793,-1.31887e-010
998794,-1.24632e-010
998795,-4.2625e-010
998796,-1.48456e-010
998797,-1.25441e-010
998798,-1.59755e-010
998799,-1.84412e-010
998800,-1.42623e-010
998801,-2.14608e-010
998802,-1.71618e-010
998803,-1.60123e-010
998804,-2.19583e-010
998805,-2.88211e-010
998806,-4.47255e-010
998807,-1.68505e-010
998808,-1.41814e-010
998809,-1.14436e-010
998810,-2.40907e-010
998811,-1.89069e-010
998812,-2.45735e-010
998813,-1.5076e-010
998814,-1.64927e-010
998815,-1.77206e-010
998816,-4.60907e-010
998817,-9.67892e-011
998818,-2.71029e-010
998819,-1.90833e-010
998820,-2.01152e-010
998821,-1.62427e-010
998822,-1.77941e-010
998823,-3.1375e-010
998824,-2.46275e-010
998825,-1.43284e-010
998826,-3.0728e-010
998827,-1.20245e-010
998828,-3.25564e-010
998829,-2.08775e-010
998830,-1.90368e-010
998831,-1.69681e-010
998832,-2.48431e-010
998833,-1.23382e-010
998834,-2.65539e-010
998835,-2.13407e-010
998836,-1.97843e-010
998837,-1.54387e-010
998838,-1.88456e-010
998839,-1.65074e-010
998840,-1.68946e-010
998841,-1.79044e-010
998842,-2.25392e-010
998843,-1.76054e-010
998844,-2.34559e-010
998845,-6.89437e-010
998846,-1.68701e-010
998847,-1.28456e-010
998848,-1.3951e-010
998849,-1.31618e-010
998850,-1.49877e-010
998851,-2.94608e-010
998852,-3.63431e-010
998853,-1.60074e-010
998854,-2.07549e-010
998855,-1.58039e-010
998856,-2.10662e-010
998857,-1.61275e-010
998858,-1.63848e-010
998859,-2.075e-010
998860,-1.71275e-010
998861,-1.76495e-010
998862,-1.8924e-010
998863,-2.16128e-010
998864,-9.93137e-011
998865,-6.0326e-010
998866,-1.99412e-010
998867,-1.10172e-010
998868,-2.17868e-010
998869,-1.1125e-010
998870,-1.55172e-010
998871,-8.80392e-011
998872,-1.40172e-010
998873,-4.95564e-010
998874,-1.27402e-010
998875,-2.13382e-010
998876,-1.11691e-010
998877,-1.88848e-010
998878,-9.82598e-011
998879,-2.2902e-010
998880,-1.96397e-010
998881,-1.86544e-010
998882,-2.56887e-010
998883,-1.56177e-010
998884,-2.52329e-010
998885,-2.02966e-010
998886,-2.09878e-010
998887,-2.50539e-010
998888,-3.47892e-010
998889,-1.30172e-010
998890,-2.22108e-010
998891,-2.19289e-010
998892,-1.32353e-010
998893,-2.30588e-010
998894,-2.10098e-010
998895,-1.91936e-010
998896,-1.52745e-010
998897,-1.64167e-010
998898,-1.76471e-010
998899,-1.79779e-010
998900,-1.73235e-010
998901,-1.45319e-010
998902,-1.10564e-010
998903,-1.42206e-010
998904,-1.80564e-010
998905,-1.71961e-010
998906,-3.7049e-010
998907,-1.95074e-010
998908,-1.51667e-010
998909,-1.27132e-010
998910,-1.75049e-010
998911,-2.02353e-010
998912,-2.01128e-010
998913,-1.61912e-010
998914,-2.41079e-010
998915,-9.06618e-011
998916,-1.26201e-010
998917,-2.3701e-010
998918,-1.56299e-010
998919,-1.29927e-010
998920,-1.61373e-010
998921,-1.30049e-010
998922,-1.42328e-010
998923,-3.45858e-010
998924,-1.62132e-010
998925,-2.19559e-010
998926,-3.08039e-010
998927,-3.19485e-010
998928,-2.08039e-010
998929,-1.99632e-010
998930,-1.82696e-010
998931,-1.34314e-010
998932,-1.48873e-010
998933,-1.76838e-010
998934,-1.87794e-010
998935,-1.47721e-010
998936,-1.79142e-010
998937,-3.12108e-010
998938,-1.98578e-010
998939,-1.77672e-010
998940,-3.77255e-010
998941,-1.46495e-010
998942,-1.53064e-010
998943,-8.25981e-011
998944,-1.88431e-010
998945,-1.75515e-010
998946,-3.46985e-010
998947,-1.6625e-010
998948,-1.85784e-010
998949,-1.82917e-010
998950,-1.33971e-010
998951,-1.50074e-010
998952,-2.63603e-010
998953,-1.90417e-010
998954,-1.26275e-010
998955,-1.31887e-010
998956,-1.31103e-010
998957,-5.2201e-010
998958,-1.20221e-010
998959,-1.46691e-010
998960,-1.10123e-010
998961,-2.47329e-010
998962,-1.66642e-010
998963,-1.01054e-010
998964,-1.59314e-010
998965,-1.16716e-010
998966,-3.09706e-010
998967,-1.21569e-010
998968,-1.94902e-010
998969,-1.09363e-010
998970,-1.32574e-010
998971,-1.26054e-010
998972,-9.94118e-011
998973,-8.68628e-011
998974,-1.82083e-010
998975,-1.28162e-010
998976,-1.93456e-010
998977,-2.30123e-010
998978,-1.62255e-010
998979,-4.04804e-010
998980,-1.21887e-010
998981,-1.66985e-010
998982,-2.57721e-010
998983,-1.18529e-010
998984,-1.96887e-010
998985,-1.36226e-010
998986,-2.46005e-010
998987,-1.20466e-010
998988,-1.45907e-010
998989,-1.67451e-010
998990,-1.22426e-010
998991,-1.93922e-010
998992,-1.36177e-010
998993,-1.46078e-010
998994,-8.75466e-010
998995,-1.51078e-010
998996,-2.14878e-010
998997,-1.90515e-010
998998,-1.75049e-010
998999,-1.74069e-010
999000,-3.27034e-010
999001,-8.98039e-011
999002,-1.43015e-010
999003,-1.43677e-010
999004,-2.19828e-010
999005,-2.0049e-010
999006,-2.01887e-010
999007,-3.65662e-010
999008,-1.81618e-010
999009,-1.13431e-010
999010,-1.70613e-010
999011,-1.43505e-010
999012,-1.32377e-010
999013,-4.00417e-010
999014,-1.83922e-010
999015,-2.59976e-010
999016,-1.61544e-010
999017,-1.02941e-010
999018,-2.49314e-010
999019,-2.17721e-010
999020,-1.61324e-010
999021,-9.45343e-011
999022,-2.24436e-010
999023,-2.75123e-010
999024,-2.1348e-010
999025,-2.23211e-010
999026,-7.08579e-011
999027,-1.36936e-010
999028,-8.45343e-011
999029,-1.5549e-010
999030,-1.34951e-010
999031,-1.15196e-010
999032,-1.88971e-010
999033,-1.58677e-010
999034,-2.05417e-010
999035,-1.22892e-010
999036,-1.63627e-010
999037,-9.48039e-011
999038,-2.30441e-010
999039,-2.62574e-010
999040,-1.79657e-010
999041,-2.44412e-010
999042,-1.54559e-010
999043,-2.18235e-010
999044,-1.00637e-010
999045,-1.0549e-010
999046,-1.55539e-010
999047,-1.6473e-010
999048,-1.10172e-010
999049,-1.13309e-010
999050,-1.36397e-010
999051,-1.70539e-010
999052,-2.43652e-010
999053,-2.23407e-010
999054,-4.54216e-010
999055,-2.26912e-010
999056,-1.19485e-010
999057,-2.37279e-010
999058,-1.53456e-010
999059,-2.34191e-010
999060,-2.04265e-010
999061,-1.31642e-010
999062,-1.34485e-010
999063,-2.14902e-010
999064,-2.00784e-010
999065,-1.48162e-010
999066,-1.50392e-010
999067,-2.39608e-010
999068,-1.32574e-010
999069,-2.10074e-010
999070,-1.42083e-010
999071,-3.4201e-010
999072,-1.19608e-010
999073,-2.9799e-010
999074,-1.91078e-010
999075,-1.32353e-010
999076,-1.44069e-010
999077,-1.38775e-010
999078,-1.59167e-010
999079,-1.75368e-010
999080,-1.06495e-010
999081,-2.28628e-010
999082,-1.95074e-010
999083,-1.52745e-010
999084,-1.29412e-010
999085,-3.89559e-010
999086,-2.36275e-010
999087,-1.43505e-010
999088,-1.63652e-010
999089,-1.34657e-010
999090,-8.84804e-011
999091,-1.33848e-010
999092,-2.54755e-010
999093,-2.21814e-010
999094,-1.58211e-010
999095,-2.4951e-010
999096,-2.12574e-010
999097,-2.45956e-010
999098,-1.25833e-010
999099,-1.16201e-010
999100,-1.71078e-010
999101,-1.5174e-010
999102,-2.36838e-010
999103,-2.68946e-010
999104,-1.56299e-010
999105,-1.46299e-010
999106,-1.60294e-010
999107,-1.70662e-010
999108,-2.11275e-010
999109,-1.14044e-010
999110,-1.60172e-010
999111,-1.59436e-010
999112,-3.08995e-010
999113,-4.10711e-010
999114,-1.64191e-010
999115,-1.31495e-010
999116,-1.7152e-010
999117,-1.33627e-010
999118,-2.10245e-010
999119,-2.04681e-010
999120,-2.42819e-010
999121,-1.4924e-010
999122,-1.14289e-010
999123,-1.99265e-010
999124,-1.41324e-010
999125,-1.72402e-010
999126,-1.36961e-010
999127,-2.37549e-010
999128,-1.37525e-010
999129,-1.71397e-010
999130,-2.05294e-010
999131,-9.72549e-011
999132,-1.36348e-010
999133,-1.96397e-010
999134,-1.22181e-010
999135,-1.44265e-010
999136,-1.39118e-010
999137,-1.57353e-010
999138,-1.73039e-010
999139,-1.71422e-010
999140,-3.37083e-010
999141,-1.76397e-010
999142,-1.21642e-010
999143,-2.36226e-010
999144,-1.09387e-010
999145,-1.1402e-010
999146,-2.93015e-010
999147,-1.45686e-010
999148,-1.55637e-010
999149,-1.20368e-010
999150,-1.32917e-010
999151,-4.84191e-010
999152,-9.72304e-011
999153,-2.69853e-010
999154,-1.70956e-010
999155,-2.01152e-010
999156,-1.49436e-010
999157,-1.5826e-010
999158,-2.83186e-010
999159,-3.19338e-010
999160,-2.96054e-010
999161,-1.34828e-010
999162,-1.65343e-010
999163,-1.23799e-010
999164,-2.41544e-010
999165,-1.70172e-010
999166,-1.3924e-010
999167,-1.52279e-010
999168,-1.67083e-010
999169,-1.7098e-010
999170,-1.3799e-010
999171,-1.40686e-010
999172,-2.05858e-010
999173,-1.35074e-010
999174,-1.74265e-010
999175,-1.57623e-010
999176,-1.30221e-010
999177,-5.63235e-011
999178,-1.91642e-010
999179,-1.67966e-010
999180,-1.85392e-010
999181,-4.04927e-010
999182,-1.44265e-010
999183,-9.69363e-011
999184,-1.78211e-010
999185,-2.53824e-010
999186,-2.32892e-010
999187,-1.31618e-010
999188,-1.34755e-010
999189,-2.97647e-010
999190,-1.32304e-010
999191,-1.34632e-010
999192,-2.36422e-010
999193,-1.91716e-010
999194,-2.19314e-010
999195,-1.79461e-010
999196,-1.03505e-010
999197,-2.62451e-010
999198,-1.86177e-010
999199,-1.63431e-010
999200,-1.4473e-010
999201,-2.36863e-010
999202,-2.08309e-010
999203,-1.86078e-010
999204,-1.49706e-010
999205,-1.53309e-010
999206,-1.07426e-010
999207,-1.80931e-010
999208,-1.79681e-010
999209,-1.18652e-010
999210,-1.26127e-010
999211,-3.49118e-010
999212,-1.77304e-010
999213,-4.26103e-010
999214,-4.60098e-010
999215,-1.90098e-010
999216,-1.10441e-010
999217,-2.06397e-010
999218,-2.31667e-010
999219,-1.39069e-010
999220,-1.63897e-010
999221,-3.07696e-010
999222,-8.65196e-011
999223,-1.3924e-010
999224,-2.50711e-010
999225,-2.04338e-010
999226,-1.41593e-010
999227,-2.07157e-010
999228,-1.03922e-010
999229,-1.33456e-010
999230,-1.60368e-010
999231,-1.49779e-010
999232,-1.8674e-010
999233,-1.50735e-010
999234,-2.23848e-010
999235,-1.17426e-010
999236,-2.36765e-010
999237,-1.67819e-010
999238,-2.25e-010
999239,-1.05294e-010
999240,-3.1652e-010
999241,-1.9973e-010
999242,-2.69461e-010
999243,-4.48137e-010
999244,-2.09657e-010
999245,-1.60466e-010
999246,-1.66299e-010
999247,-1.19559e-010
999248,-1.85074e-010
999249,-1.71814e-010
999250,-2.19044e-010
999251,-2.18995e-010
999252,-2.11054e-010
999253,-2.78897e-010
999254,-1.97696e-010
999255,-1.4098e-010
999256,-2.41005e-010
999257,-1.9576e-010
999258,-1.69902e-010
999259,-1.28284e-010
999260,-3.93137e-010
999261,-1.58578e-010
999262,-1.34387e-010
999263,-2.0098e-010
999264,-6.96569e-011
999265,-1.92108e-010
999266,-1.49216e-010
999267,-2.56177e-010
999268,-1.475e-010
999269,-1.35882e-010
999270,-1.43333e-010
999271,-1.2473e-010
999272,-1.30441e-010
999273,-1.74216e-010
999274,-1.27157e-010
999275,-1.54853e-010
999276,-1.11029e-010
999277,-1.47843e-010
999278,-1.09877e-010
999279,-1.06544e-010
999280,-1.81569e-010
999281,-2.59779e-010
999282,-1.6848e-010
999283,-1.63897e-010
999284,-1.19902e-010
999285,-1.91814e-010
999286,-1.06593e-010
999287,-2.50882e-010
999288,-9.72549e-011
999289,-2.13726e-010
999290,-1.72353e-010
999291,-4.2603e-010
999292,-1.95833e-010
999293,-1.93995e-010
999294,-2.10588e-010
999295,-1.44167e-010
999296,-7.71814e-011
999297,-1.45245e-010
999298,-1.91838e-010
999299,-1.27108e-010
999300,-3.27941e-010
999301,-1.32255e-010
999302,-1.82892e-010
999303,-1.15319e-010
999304,-1.55319e-010
999305,-1.63554e-010
999306,-1.38431e-010
999307,-3.49363e-010
999308,-1.74632e-010
999309,-1.47598e-010
999310,-1.90221e-010
999311,-1.6799e-010
999312,-1.95025e-010
999313,-1.43971e-010
999314,-1.5348e-010
999315,-1.38211e-010
999316,-1.84289e-010
999317,-2.02451e-010
999318,-2.33897e-010
999319,-1.04265e-010
999320,-3.70172e-010
999321,-3.06716e-010
999322,-1.21642e-010
999323,-1.55245e-010
999324,-1.4598e-010
999325,-1.14387e-010
999326,-1.95833e-010
999327,-1.79485e-010
999328,-1.45613e-010
999329,-5.10735e-010
999330,-1.14142e-010
999331,-1.33088e-010
999332,-1.92941e-010
999333,-1.26324e-010
999334,-1.45319e-010
999335,-1.7799e-010
999336,-1.15245e-010
999337,-1.79681e-010
999338,-1.83162e-010
999339,-4.5902e-010
999340,-1.82206e-010
999341,-1.5223e-010
999342,-2.2424e-010
999343,-1.55245e-010
999344,-3.59485e-010
999345,-1.45711e-010
999346,-1.55588e-010
999347,-1.24804e-010
999348,-1.06912e-010
999349,-2.24976e-010
999350,-7.06128e-011
999351,-1.74608e-010
999352,-1.03971e-010
999353,-2.33162e-010
999354,-1.46397e-010
999355,-1.91299e-010
999356,-1.04485e-010
999357,-1.68799e-010
999358,-1.26912e-010
999359,-1.33211e-010
999360,-1.32083e-010
999361,-8.49265e-011
999362,-1.14804e-010
999363,-7.02696e-011
999364,-1.21863e-010
999365,-2.37819e-010
999366,-1.6098e-010
999367,-1.98137e-010
999368,-6.46079e-011
999369,-2.29069e-010
999370,-1.26887e-010
999371,-8.58579e-011
999372,-2.26324e-010
999373,-6.05147e-011
999374,-2.3924e-010
999375,-1.62377e-010
999376,-1.83971e-010
999377,-1.75417e-010
999378,-3.83481e-010
999379,-8.95588e-011
999380,-1.19314e-010
999381,-5.89265e-010
999382,-3.82721e-010
999383,-1.67427e-010
999384,-1.80882e-010
999385,-2.02819e-010
999386,-1.40466e-010
999387,-1.54853e-010
999388,-1.55564e-010
999389,-1.2299e-010
999390,-1.82525e-010
999391,-9.15686e-011
999392,-1.575e-010
999393,-1.55147e-010
999394,-1.26667e-010
999395,-2.69951e-010
999396,-1.07966e-010
999397,-2.32892e-010
999398,-1.6598e-010
999399,-1.57377e-010
999400,-1.78554e-010
999401,-1.76618e-010
999402,-1.47672e-010
999403,-1.28211e-010
999404,-1.4424e-010
999405,-1.32255e-010
999406,-1.5848e-010
999407,-4.11912e-010
999408,-1.55637e-010
999409,-8.42647e-011
999410,-2.4723e-010
999411,-1.64461e-010
999412,-1.77427e-010
999413,-1.44755e-010
999414,-1.525e-010
999415,-1.74093e-010
999416,-1.59632e-010
999417,-1.98162e-010
999418,-1.08284e-010
999419,-1.97672e-010
999420,-1.39142e-010
999421,-2.11078e-010
999422,-1.51324e-010
999423,-1.63064e-010
999424,-1.7723e-010
999425,-2.00784e-010
999426,-2.36079e-010
999427,-1.96373e-010
999428,-3.59338e-010
999429,-1.73333e-010
999430,-1.84755e-010
999431,-1.33211e-010
999432,-1.19976e-010
999433,-1.45686e-010
999434,-3.43235e-010
999435,-1.43015e-010
999436,-1.85e-010
999437,-1.51446e-010
999438,-1.25049e-010
999439,-1.53824e-010
999440,-1.17892e-010
999441,-1.32696e-010
999442,-1.41691e-010
999443,-9.3799e-011
999444,-1.39093e-010
999445,-1.21226e-010
999446,-1.97108e-010
999447,-1.17476e-010
999448,-1.47181e-010
999449,-5.70833e-011
999450,-2.19706e-010
999451,-1.51348e-010
999452,-1.37402e-010
999453,-1.50294e-010
999454,-1.47623e-010
999455,-3.11912e-010
999456,-1.02034e-010
999457,-2.13186e-010
999458,-1.75441e-010
999459,-1.11912e-010
999460,-1.07525e-010
999461,-1.27574e-010
999462,-1.51569e-010
999463,-1.26691e-010
999464,-1.8424e-010
999465,-5.0625e-010
999466,-1.37034e-010
999467,-2.16226e-010
999468,-1.6375e-010
999469,-4.77451e-011
999470,-1.40809e-010
999471,-4.325e-010
999472,-1.28407e-010
999473,-2.11201e-010
999474,-1.75123e-010
999475,-1.15833e-010
999476,-3.3777e-010
999477,-1.34927e-010
999478,-1.00025e-010
999479,-1.27206e-010
999480,-2.96912e-010
999481,-1.91814e-010
999482,-2.75662e-010
999483,-6.36471e-010
999484,-2.06642e-010
999485,-1.40907e-010
999486,-6.17108e-010
999487,-1.06814e-010
999488,-1.70245e-010
999489,-2.28015e-010
999490,-1.23971e-010
999491,-1.58971e-010
999492,-1.22451e-010
999493,-2.14412e-010
999494,-1.54583e-010
999495,-2.13113e-010
999496,-1.47794e-010
999497,-2.87255e-010
999498,-2.79485e-010
999499,-1.84387e-010
999500,-1.39976e-010
999501,-1.4451e-010
999502,-1.22574e-010
999503,-1.77255e-010
999504,-1.60466e-010
999505,-2.25784e-010
999506,-2.31348e-010
999507,-6.8799e-011
999508,-1.36642e-010
999509,-4.19706e-010
999510,-2.52329e-010
999511,-3.26446e-010
999512,-1.6402e-010
999513,-1.43431e-010
999514,-6.54535e-010
999515,-2.9076e-010
999516,-1.03137e-010
999517,-2.05907e-010
999518,-1.48627e-010
999519,-2.3098e-010
999520,-1.86324e-010
999521,-1.89878e-010
999522,-3.59804e-010
999523,-1.73677e-010
999524,-1.55588e-010
999525,-1.38064e-010
999526,-2.83995e-010
999527,-2.26985e-010
999528,-2.43235e-010
999529,-1.80343e-010
999530,-2.39779e-010
999531,-2.6473e-010
999532,-1.37868e-010
999533,-6.66912e-011
999534,-3.10147e-010
999535,-1.01348e-010
999536,-1.94412e-010
999537,-1.69485e-010
999538,-1.77525e-010
999539,-1.83799e-010
999540,-1.25515e-010
999541,-2.10392e-010
999542,-1.59559e-010
999543,-2.39412e-010
999544,-2.14853e-010
999545,-1.53162e-010
999546,-4.1652e-010
999547,-1.9027e-010
999548,-1.81593e-010
999549,-2.52623e-010
999550,-1.78235e-010
999551,-1.30049e-010
999552,-1.49093e-010
999553,-7.58579e-011
999554,-1.63627e-010
999555,-1.34755e-010
999556,-1.07279e-010
999557,-1.55098e-010
999558,-1.77647e-010
999559,-1.35907e-010
999560,-1.38284e-010
999561,-1.85907e-010
999562,-1.65098e-010
999563,-2.53579e-010
999564,-1.69216e-010
999565,-2.35956e-010
999566,-2.85784e-010
999567,-4.53358e-010
999568,-2.9603e-010
999569,-1.39093e-010
999570,-1.54657e-010
999571,-2.10613e-010
999572,-2.60907e-010
999573,-3.70392e-010
999574,-1.39927e-010
999575,-2.62181e-010
999576,-2.67378e-010
999577,-1.07377e-010
999578,-3.50882e-010
999579,-4.04534e-010
999580,-4.24657e-010
999581,-1.90441e-010
999582,-1.27745e-010
999583,-1.41275e-010
999584,-1.62427e-010
999585,-1.81299e-010
999586,-1.66054e-010
999587,-1.59976e-010
999588,-1.49461e-010
999589,-1.84461e-010
999590,-1.90196e-010
999591,-2.11863e-010
999592,-1.63726e-010
999593,-1.66495e-010
999594,-1.08333e-010
999595,-1.49559e-010
999596,-2.49902e-010
999597,-1.7027e-010
999598,-1.15e-010
999599,-2.76177e-010
999600,-1.41765e-010
999601,-1.98456e-010
999602,-9.46569e-011
999603,-1.66667e-010
999604,-5.29608e-010
999605,-8.16912e-011
999606,-1.94485e-010
999607,-1.93407e-010
999608,-6.76716e-011
999609,-7.56373e-011
999610,-1.54044e-010
999611,-3.07329e-010
999612,-2.8478e-010
999613,-2.01569e-010
999614,-2.11961e-010
999615,-1.23407e-010
999616,-1.14265e-010
999617,-1.28971e-010
999618,-1.99951e-010
999619,-2.10221e-010
999620,-1.39216e-010
999621,-1.82108e-010
999622,-1.68284e-010
999623,-3.73897e-010
999624,-1.24461e-010
999625,-2.3625e-010
999626,-5.36863e-010
999627,-1.23431e-010
999628,-1.85221e-010
999629,-1.49583e-010
999630,-2.19755e-010
999631,-1.83015e-010
999632,-1.37451e-010
999633,-1.91446e-010
999634,-3.17329e-010
999635,-4.69633e-010
999636,-1.75319e-010
999637,-1.08015e-010
999638,-1.40049e-010
999639,-2.74706e-010
999640,-1.85539e-010
999641,-1.19681e-010
999642,-2.59265e-010
999643,-2.33726e-010
999644,-7.63432e-010
999645,-1.4902e-010
999646,-6.34804e-011
999647,-1.70833e-010
999648,-1.86226e-010
999649,-1.65882e-010
999650,-1.2049e-010
999651,-1.60858e-010
999652,-1.72353e-010
999653,-7.77598e-010
999654,-1.44387e-010
999655,-1.3674e-010
999656,-1.53824e-010
999657,-1.55784e-010
999658,-1.175e-010
999659,-1.54118e-010
999660,-3.34265e-010
999661,-1.29902e-010
999662,-1.18333e-010
999663,-2.12304e-010
999664,-7.3799e-011
999665,-2.19559e-010
999666,-4.35049e-010
999667,-1.33235e-010
999668,-2.05882e-010
999669,-2.87402e-010
999670,-5.50245e-010
999671,-1.53995e-010
999672,-1.88529e-010
999673,-1.37108e-010
999674,-3.3875e-010
999675,-1.43309e-010
999676,-1.25907e-010
999677,-1.43677e-010
999678,-1.02206e-010
999679,-2.27157e-010
999680,-2.69927e-010
999681,-8.94363e-011
999682,-1.35858e-010
999683,-1.35147e-010
999684,-1.73113e-010
999685,-9.60294e-011
999686,-1.97353e-010
999687,-1.15539e-010
999688,-2.16912e-010
999689,-2.20343e-010
999690,-1.43603e-010
999691,-1.22623e-010
999692,-1.42843e-010
999693,-1.9424e-010
999694,-2.86716e-010
999695,-4.32598e-011
999696,-1.27451e-010
999697,-1.85221e-010
999698,-1.27083e-010
999699,-1.16299e-010
999700,-1.48235e-010
999701,-1.79142e-010
999702,-1.58677e-010
999703,-2.68946e-010
999704,-1.8799e-010
999705,-1.39461e-010
999706,-1.18382e-010
999707,-3.05245e-010
999708,-1.50784e-010
999709,-1.7598e-010
999710,-1.50466e-010
999711,-1.95735e-010
999712,-2.12574e-010
999713,-1.55319e-010
999714,-3.55931e-010
999715,-1.67132e-010
999716,-1.48113e-010
999717,-1.20809e-010
999718,-2.03186e-010
999719,-1.02917e-010
999720,-1.22966e-010
999721,-1.72966e-010
999722,-1.90809e-010
999723,-1.19951e-010
999724,-4.45637e-010
999725,-1.38505e-010
999726,-1.96299e-010
999727,-2.30172e-010
999728,-1.20931e-010
999729,-2.0152e-010
999730,-3.03039e-010
999731,-3.31348e-010
999732,-1.7723e-010
999733,-1.52941e-010
999734,-1.59387e-010
999735,-4.35613e-010
999736,-1.33995e-010
999737,-2.30539e-010
999738,-2.21226e-010
999739,-1.74902e-010
999740,-2.05784e-010
999741,-1.94583e-010
999742,-5.46324e-011
999743,-1.99314e-010
999744,-2.14951e-010
999745,-8.73284e-011
999746,-2.97108e-010
999747,-1.62525e-010
999748,-1.75686e-010
999749,-1.76912e-010
999750,-2.025e-010
999751,-2.18726e-010
999752,-9.97304e-011
999753,-2.47059e-010
999754,-2.31422e-010
999755,-1.24142e-010
999756,-1.8875e-010
999757,-1.18505e-010
999758,-1.67819e-010
999759,-3.03579e-010
999760,-1.51863e-010
999761,-5.13873e-010
999762,-1.67059e-010
999763,-1.64265e-010
999764,-3.77255e-010
999765,-1.2902e-010
999766,-1.89902e-010
999767,-1.81348e-010
999768,-1.50049e-010
999769,-1.44167e-010
999770,-2.44093e-010
999771,-1.1951e-010
999772,-1.58186e-010
999773,-1.93824e-010
999774,-4.90343e-010
999775,-1.75809e-010
999776,-1.58701e-010
999777,-1.73211e-010
999778,-1.16716e-010
999779,-1.81422e-010
999780,-3.6353e-010
999781,-6.73334e-010
999782,-1.34902e-010
999783,-1.82157e-010
999784,-1.16716e-010
999785,-1.50245e-010
999786,-2.37868e-010
999787,-1.08186e-010
999788,-9.62745e-011
999789,-1.38382e-010
999790,-1.7348e-010
999791,-1.46765e-010
999792,-1.4473e-010
999793,-1.29951e-010
999794,-1.61103e-010
999795,-1.97745e-010
999796,-2.23088e-010
999797,-1.34289e-010
999798,-2.43431e-010
999799,-2.5951e-010
999800,-1.47132e-010
999801,-8.19853e-011
999802,-1.10613e-010
999803,-1.66863e-010
999804,-1.44044e-010
999805,-1.51642e-010
999806,-1.84142e-010
999807,-1.27132e-010
999808,-9.64216e-011
999809,-7.88726e-011
999810,-1.77647e-010
999811,-1.02647e-010
999812,-1.78333e-010
999813,-1.41961e-010
999814,-1.54387e-010
999815,-9.70343e-011
999816,-1.9826e-010
999817,-1.36985e-010
999818,-9.26226e-011
999819,-1.59093e-010
999820,-2.92059e-010
999821,-2.09167e-010
999822,-1.12672e-010
999823,-1.79608e-010
999824,-2.82941e-010
999825,-2.04779e-010
999826,-1.51005e-010
999827,-1.50686e-010
999828,-2.98333e-010
999829,-1.21887e-010
999830,-2.92451e-010
999831,-1.60172e-010
999832,-2.46152e-010
999833,-2.84534e-010
999834,-1.39657e-010
999835,-1.66177e-010
999836,-1.51887e-010
999837,-1.6848e-010
999838,-1.81226e-010
999839,-2.2299e-010
999840,-1.99779e-010
999841,-3.9978e-010
999842,-1.03456e-010
999843,-3.14853e-010
999844,-1.81348e-010
999845,-1.53922e-010
999846,-1.9674e-010
999847,-7.51226e-011
999848,-1.24216e-010
999849,-1.65882e-010
999850,-1.53971e-010
999851,-2.62917e-010
999852,-1.95319e-010
999853,-1.69976e-010
999854,-1.41838e-010
999855,-1.90858e-010
999856,-1.09436e-010
999857,-2.7924e-010
999858,-1.89069e-010
999859,-2.48922e-010
999860,-1.55245e-010
999861,-1.52525e-010
999862,-1.93775e-010
999863,-2.49044e-010
999864,-1.97108e-010
999865,-2.24093e-010
999866,-2.22598e-010
999867,-1.48627e-010
999868,-1.24093e-010
999869,-1.17549e-010
999870,-2.94829e-010
999871,-2.43775e-010
999872,-1.93799e-010
999873,-7.21888e-010
999874,-1.25392e-010
999875,-1.94755e-010
999876,-3.59191e-010
999877,-1.45196e-010
999878,-1.63726e-010
999879,-2.11789e-010
999880,-2.07034e-010
999881,-2.51838e-010
999882,-1.42427e-010
999883,-1.14461e-010
999884,-1.71324e-010
999885,-1.25809e-010
999886,-1.64338e-010
999887,-2.59632e-010
999888,-3.04706e-010
999889,-1.63407e-010
999890,-1.53039e-010
999891,-1.53284e-010
999892,-1.73848e-010
999893,-2.18578e-010
999894,-1.02157e-010
999895,-1.86201e-010
999896,-1.89632e-010
999897,-3.45588e-010
999898,-1.4902e-010
999899,-1.71593e-010
999900,-1.4598e-010
999901,-1.4277e-010
999902,-1.50147e-010
999903,-3.30294e-010
999904,-2.03211e-010
999905,-1.45147e-010
999906,-1.54265e-010
999907,-1.47549e-010
999908,-1.59118e-010
999909,-3.28726e-010
999910,-2.05515e-010
999911,-1.82917e-010
999912,-4.87721e-010
999913,-1.56716e-010
999914,-2.02574e-010
999915,-3.09927e-010
999916,-1.83186e-010
999917,-1.49951e-010
999918,-2.09436e-010
999919,-1.79044e-010
999920,-2.01936e-010
999921,-1.82378e-010
999922,-4.19878e-010
999923,-1.40245e-010
999924,-2.86324e-010
999925,-2.19583e-010
999926,-1.72745e-010
999927,-1.69681e-010
999928,-1.43382e-010
999929,-2.62108e-010
999930,-2.04632e-010
999931,-7.32108e-011
999932,-1.74657e-010
999933,-1.28505e-010
999934,-2.1027e-010
999935,-1.43064e-010
999936,-1.47623e-010
999937,-1.83284e-010
999938,-2.44118e-010
999939,-2.35098e-010
999940,-1.30098e-010
999941,-1.33824e-010
999942,-6.98603e-010
999943,-1.66716e-010
999944,-1.69461e-010
999945,-1.62279e-010
999946,-1.53211e-010
999947,-1.43873e-010
999948,-2.05221e-010
999949,-3.05564e-010
999950,-2.78922e-010
999951,-1.18995e-010
999952,-2.83824e-010
999953,-1.22696e-010
999954,-1.62279e-010
999955,-1.59583e-010
999956,-1.30392e-010
999957,-1.99681e-010
999958,-2.36814e-010
999959,-1.78113e-010
999960,-1.12843e-010
999961,-1.64755e-010
999962,-2.95515e-010
999963,-1.33064e-010
999964,-2.02132e-010
999965,-2.68873e-010
999966,-1.69191e-010
999967,-1.72255e-010
999968,-1.95858e-010
999969,-2.8701e-010
999970,-1.99559e-010
999971,-6.11446e-010
999972,-1.36397e-010
999973,-1.97672e-010
999974,-2.26422e-010
999975,-1.08039e-010
999976,-9.37745e-011
999977,-1.98235e-010
999978,-2.16299e-010
999979,-1.82892e-010
999980,-1.9473e-010
999981,-1.38775e-010
999982,-1.25882e-010
999983,-3.25613e-010
999984,-1.55931e-010
999985,-1.52132e-010
999986,-1.96838e-010
999987,-3.44632e-010
999988,-1.86324e-010
999989,-4.47819e-010
999990,-2.62255e-010
999991,-2.90637e-010
999992,-1.52132e-010
999993,-1.26961e-010
999994,-1.58799e-010
999995,-1.26005e-010
999996,-2.06593e-010
999997,-1.18995e-010
999998,-4.32034e-010
999999,-1.01078e-010
