LECROYWR104MXi,15731,Waveform
Segments,1,SegmentSize,1550
Segment,TrigTime,TimeSinceSegment1
#1,02-Dec-2012 09:16:37,0                 
Time,Ampl
998450,-1.85074e-010
998451,-1.8777e-010
998452,-1.03162e-010
998453,-2.88236e-011
998454,-1.63456e-010
998455,-2.08088e-010
998456,-1.50858e-010
998457,-1.49534e-010
998458,-1.70882e-010
998459,-1.8473e-010
998460,-1.73799e-010
998461,-2.01348e-010
998462,-1.98971e-010
998463,-1.79779e-010
998464,-2.07181e-010
998465,-1.59902e-010
998466,-1.59338e-010
998467,-1.74853e-010
998468,-1.80441e-010
998469,-1.57574e-010
998470,-1.37353e-010
998471,-1.54632e-010
998472,-1.51667e-010
998473,-2.29681e-010
998474,-1.85784e-010
998475,-1.63726e-010
998476,-1.78946e-010
998477,-1.82353e-010
998478,-1.74412e-010
998479,-1.7451e-010
998480,-1.65735e-010
998481,-1.61299e-010
998482,-1.70417e-010
998483,-1.69118e-010
998484,-1.65441e-010
998485,-1.98726e-010
998486,-1.78235e-010
998487,-1.8576e-010
998488,-2.48333e-010
998489,-2.11838e-010
998490,-1.89069e-010
998491,-1.80735e-010
998492,-2.04093e-010
998493,-1.65956e-010
998494,-1.52598e-010
998495,-2.13505e-010
998496,-1.26299e-010
998497,-1.7049e-010
998498,-1.58309e-010
998499,-1.85441e-010
998500,-1.64927e-010
998501,-1.36422e-010
998502,-1.97279e-010
998503,-1.40956e-010
998504,-1.47427e-010
998505,-1.76618e-010
998506,-1.97574e-010
998507,-1.78407e-010
998508,-1.97083e-010
998509,-1.73186e-010
998510,-1.56128e-010
998511,-1.61079e-010
998512,-1.70956e-010
998513,-1.91324e-010
998514,-1.82525e-010
998515,-1.73039e-010
998516,-1.68186e-010
998517,-1.88554e-010
998518,-2.01642e-010
998519,-1.16789e-010
998520,-1.66128e-010
998521,-1.25343e-010
998522,-1.95539e-010
998523,-2.24289e-010
998524,-1.85221e-010
998525,-1.63775e-010
998526,-1.64976e-010
998527,-1.97917e-010
998528,-1.78946e-010
998529,-1.82329e-010
998530,-1.55e-010
998531,-1.96471e-010
998532,-1.87794e-010
998533,-2.18309e-010
998534,-1.81912e-010
998535,-2.06226e-010
998536,-1.7326e-010
998537,-1.54951e-010
998538,-2.01912e-010
998539,-1.46495e-010
998540,-1.89338e-010
998541,-1.75588e-010
998542,-1.45025e-010
998543,-1.65931e-010
998544,-1.5576e-010
998545,-2.29069e-010
998546,-1.59804e-010
998547,-1.67574e-010
998548,-1.34657e-010
998549,-1.65466e-010
998550,-1.69338e-010
998551,-2.01054e-010
998552,-1.85392e-010
998553,-1.41618e-010
998554,-1.75343e-010
998555,-1.81936e-010
998556,-1.65441e-010
998557,-1.42451e-010
998558,-1.72034e-010
998559,-2.06079e-010
998560,-1.78799e-010
998561,-1.97819e-010
998562,-1.57451e-010
998563,-1.61593e-010
998564,-1.90196e-010
998565,-1.99951e-010
998566,-1.64927e-010
998567,-1.85613e-010
998568,-1.48971e-010
998569,-1.91985e-010
998570,-1.49976e-010
998571,-1.69216e-010
998572,-1.52623e-010
998573,-1.56863e-010
998574,-1.75637e-010
998575,-1.42672e-010
998576,-1.71936e-010
998577,-1.54976e-010
998578,-1.64902e-010
998579,-1.80637e-010
998580,-1.46495e-010
998581,-1.84976e-010
998582,-1.93064e-010
998583,-1.62721e-010
998584,-1.53897e-010
998585,-1.75931e-010
998586,-1.65123e-010
998587,-1.83946e-010
998588,-1.87279e-010
998589,-1.62181e-010
998590,-1.53824e-010
998591,-1.56667e-010
998592,-2.02892e-010
998593,-1.66079e-010
998594,-1.50417e-010
998595,-1.42304e-010
998596,-1.72378e-010
998597,-1.73922e-010
998598,-1.91765e-010
998599,-2.18775e-010
998600,-1.85515e-010
998601,-1.8951e-010
998602,-1.94829e-010
998603,-1.82206e-010
998604,-1.58701e-010
998605,-1.03088e-010
998606,-1.60123e-010
998607,-2.05343e-010
998608,-1.87574e-010
998609,-1.81569e-010
998610,-1.72647e-010
998611,-1.66446e-010
998612,-1.57941e-010
998613,-1.95637e-010
998614,-1.80098e-010
998615,-1.7223e-010
998616,-1.94167e-010
998617,-2.1973e-010
998618,-1.81912e-010
998619,-1.81324e-010
998620,-1.79927e-010
998621,-2.13211e-010
998622,-1.69706e-010
998623,-2.06961e-010
998624,-1.55833e-010
998625,-1.93677e-010
998626,-1.8098e-010
998627,-1.90147e-010
998628,-1.83799e-010
998629,-2.08137e-010
998630,-1.76961e-010
998631,-1.80686e-010
998632,-1.76716e-010
998633,-1.99485e-010
998634,-1.47549e-010
998635,-1.73824e-010
998636,-1.90613e-010
998637,-1.82059e-010
998638,-1.72525e-010
998639,-1.81789e-010
998640,-1.50735e-010
998641,-1.36005e-010
998642,-1.80343e-010
998643,-1.91912e-010
998644,-1.51618e-010
998645,-1.87868e-010
998646,-1.39632e-010
998647,-1.45074e-010
998648,-1.86397e-010
998649,-2.21569e-010
998650,-1.67696e-010
998651,-1.2674e-010
998652,-1.51422e-010
998653,-1.66299e-010
998654,-1.57868e-010
998655,-1.975e-010
998656,-1.76887e-010
998657,-1.57279e-010
998658,-1.72132e-010
998659,-1.63456e-010
998660,-1.85441e-010
998661,-1.67794e-010
998662,-2.1777e-010
998663,-1.81226e-010
998664,-1.64608e-010
998665,-1.84289e-010
998666,-1.4326e-010
998667,-1.94265e-010
998668,-1.65172e-010
998669,-1.88015e-010
998670,-2.1625e-010
998671,-2.07451e-010
998672,-1.47794e-010
998673,-1.64853e-010
998674,-2.17451e-010
998675,-1.87843e-010
998676,-1.40515e-010
998677,-1.65784e-010
998678,-1.47696e-010
998679,-1.82574e-010
998680,-2.05368e-010
998681,-1.73235e-010
998682,-1.59142e-010
998683,-1.42917e-010
998684,-1.57181e-010
998685,-1.74608e-010
998686,-1.45319e-010
998687,-1.62721e-010
998688,-1.99044e-010
998689,-1.62059e-010
998690,-1.9625e-010
998691,-2.02157e-010
998692,-1.72083e-010
998693,-1.83922e-010
998694,-1.5902e-010
998695,-1.62255e-010
998696,-1.78235e-010
998697,-1.67304e-010
998698,-1.88897e-010
998699,-1.72034e-010
998700,-1.83088e-010
998701,-2.01838e-010
998702,-1.86569e-010
998703,-1.71495e-010
998704,-1.5473e-010
998705,-1.46936e-010
998706,-1.72378e-010
998707,-1.5674e-010
998708,-1.74632e-010
998709,-1.67672e-010
998710,-1.625e-010
998711,-1.35784e-010
998712,-1.55858e-010
998713,-1.67476e-010
998714,-1.76863e-010
998715,-1.60784e-010
998716,-1.65564e-010
998717,-1.67672e-010
998718,-2.0049e-010
998719,-1.94142e-010
998720,-1.56446e-010
998721,-1.575e-010
998722,-1.87108e-010
998723,-1.4674e-010
998724,-1.83554e-010
998725,-1.54289e-010
998726,-1.8027e-010
998727,-1.30931e-010
998728,-1.80294e-010
998729,-1.67279e-010
998730,-1.9125e-010
998731,-1.50784e-010
998732,-1.68064e-010
998733,-1.44436e-010
998734,-1.35809e-010
998735,-1.79191e-010
998736,-1.89608e-010
998737,-1.49412e-010
998738,-1.61226e-010
998739,-1.30172e-010
998740,-1.56691e-010
998741,-1.60686e-010
998742,-1.70515e-010
998743,-1.75588e-010
998744,-1.85588e-010
998745,-1.8625e-010
998746,-1.38603e-010
998747,-1.92745e-010
998748,-1.80294e-010
998749,-1.67696e-010
998750,-1.79167e-010
998751,-1.73456e-010
998752,-2.10343e-010
998753,-2.04804e-010
998754,-1.70833e-010
998755,-1.87868e-010
998756,-1.5549e-010
998757,-1.79681e-010
998758,-1.74118e-010
998759,-1.92059e-010
998760,-1.75735e-010
998761,-1.5098e-010
998762,-1.74044e-010
998763,-1.90466e-010
998764,-1.53726e-010
998765,-1.72353e-010
998766,-1.9402e-010
998767,-1.89265e-010
998768,-2.15172e-010
998769,-1.67892e-010
998770,-1.95441e-010
998771,-1.71887e-010
998772,-1.4924e-010
998773,-1.9049e-010
998774,-1.27574e-010
998775,-1.47819e-010
998776,-1.6174e-010
998777,-2.20784e-010
998778,-1.90637e-010
998779,-1.93382e-010
998780,-1.61128e-010
998781,-1.63015e-010
998782,-1.52941e-010
998783,-1.77255e-010
998784,-1.71985e-010
998785,-1.64044e-010
998786,-1.73848e-010
998787,-1.78579e-010
998788,-1.82329e-010
998789,-1.69853e-010
998790,-1.63946e-010
998791,-1.65368e-010
998792,-1.53628e-010
998793,-1.93579e-010
998794,-1.39167e-010
998795,-1.43922e-010
998796,-1.56177e-010
998797,-1.72868e-010
998798,-1.81397e-010
998799,-1.46691e-010
998800,-2.07329e-010
998801,-1.7299e-010
998802,-1.57059e-010
998803,-1.64902e-010
998804,-1.54044e-010
998805,-1.80784e-010
998806,-1.57206e-010
998807,-2.17966e-010
998808,-2.01054e-010
998809,-1.69878e-010
998810,-1.87966e-010
998811,-1.80784e-010
998812,-1.90172e-010
998813,-1.85539e-010
998814,-1.83211e-010
998815,-1.53505e-010
998816,-1.51397e-010
998817,-1.4723e-010
998818,-1.80441e-010
998819,-1.76397e-010
998820,-1.60956e-010
998821,-1.48873e-010
998822,-1.26912e-010
998823,-1.82083e-010
998824,-1.09118e-010
998825,-1.47034e-010
998826,-1.58186e-010
998827,-1.49093e-010
998828,-1.40662e-010
998829,-1.99927e-010
998830,-1.53186e-010
998831,-1.80074e-010
998832,-2.0228e-010
998833,-1.86961e-010
998834,-1.58284e-010
998835,-1.1049e-010
998836,-1.7527e-010
998837,-1.65588e-010
998838,-1.81226e-010
998839,-1.93309e-010
998840,-1.81838e-010
998841,-1.30833e-010
998842,-1.4924e-010
998843,-1.68113e-010
998844,-1.48015e-010
998845,-1.85049e-010
998846,-1.15684e-009
998847,-1.70049e-010
998848,-1.54608e-010
998849,-1.87598e-010
998850,-1.96985e-010
998851,-1.85539e-010
998852,-2.06569e-010
998853,-1.77696e-010
998854,-1.64902e-010
998855,-1.56397e-010
998856,-2.00221e-010
998857,-1.87402e-010
998858,-1.8098e-010
998859,-1.40294e-010
998860,-1.60343e-010
998861,-1.6299e-010
998862,-1.55417e-010
998863,-1.70784e-010
998864,-1.46887e-010
998865,-1.66814e-010
998866,-2.22476e-010
998867,-1.9652e-010
998868,-1.8375e-010
998869,-1.58897e-010
998870,-1.94927e-010
998871,-1.5652e-010
998872,-1.81471e-010
998873,-2.12353e-010
998874,-1.68897e-010
998875,-1.66495e-010
998876,-1.36985e-010
998877,-1.55686e-010
998878,-1.93358e-010
998879,-1.74608e-010
998880,-1.44191e-010
998881,-1.77279e-010
998882,-1.53333e-010
998883,-1.5348e-010
998884,-2.02427e-010
998885,-1.71544e-010
998886,-1.59485e-010
998887,-1.7875e-010
998888,-1.80956e-010
998889,-2.08579e-010
998890,-1.76275e-010
998891,-1.70466e-010
998892,-1.79927e-010
998893,-2.21471e-010
998894,-2.22255e-010
998895,-2.0728e-010
998896,-1.4777e-010
998897,-1.69976e-010
998898,-1.97819e-010
998899,-1.74314e-010
998900,-1.73284e-010
998901,-1.7924e-010
998902,-1.64387e-010
998903,-1.67819e-010
998904,-1.53652e-010
998905,-1.65221e-010
998906,-1.68015e-010
998907,-1.81103e-010
998908,-1.85907e-010
998909,-1.49485e-010
998910,-1.76079e-010
998911,-1.88284e-010
998912,-1.73211e-010
998913,-1.53309e-010
998914,-1.4625e-010
998915,-1.60735e-010
998916,-1.31912e-010
998917,-1.74191e-010
998918,-1.5652e-010
998919,-1.39534e-010
998920,-1.98186e-010
998921,-2.34927e-010
998922,-1.87329e-010
998923,-1.79779e-010
998924,-1.92966e-010
998925,-1.69608e-010
998926,-1.34069e-010
998927,-1.86201e-010
998928,-1.87745e-010
998929,-2.03211e-010
998930,-1.37181e-010
998931,-1.44461e-010
998932,-2.32819e-010
998933,-1.72206e-010
998934,-1.90123e-010
998935,-1.91397e-010
998936,-1.68775e-010
998937,-2.00147e-010
998938,-1.90564e-010
998939,-1.80123e-010
998940,-1.91348e-010
998941,-1.87304e-010
998942,-1.75662e-010
998943,-1.74927e-010
998944,-1.70613e-010
998945,-1.99902e-010
998946,-1.70564e-010
998947,-1.38971e-010
998948,-1.55294e-010
998949,-1.79118e-010
998950,-1.98358e-010
998951,-2.1027e-010
998952,-1.66667e-010
998953,-1.6549e-010
998954,-1.65711e-010
998955,-1.52329e-010
998956,-1.58064e-010
998957,-1.64191e-010
998958,-1.43848e-010
998959,-1.73922e-010
998960,-1.23284e-010
998961,-1.50098e-010
998962,-1.45539e-010
998963,-1.82427e-010
998964,-1.87378e-010
998965,-1.91226e-010
998966,-1.56495e-010
998967,-9.43628e-011
998968,-1.6326e-010
998969,-1.86226e-010
998970,-1.83137e-010
998971,-1.85049e-010
998972,-1.72819e-010
998973,-1.74853e-010
998974,-1.80882e-010
998975,-1.91936e-010
998976,-2.03799e-010
998977,-1.39878e-010
998978,-1.61348e-010
998979,-2.38677e-010
998980,-2.01201e-010
998981,-1.87108e-010
998982,-1.96299e-010
998983,-1.50196e-010
998984,-1.44902e-010
998985,-2.28358e-010
998986,-1.72181e-010
998987,-1.93701e-010
998988,-1.54951e-010
998989,-2.30368e-010
998990,-1.87794e-010
998991,-1.84044e-010
998992,-1.92647e-010
998993,-1.81887e-010
998994,-1.81005e-010
998995,-1.95441e-010
998996,-1.71544e-010
998997,-1.6625e-010
998998,-1.93162e-010
998999,-1.94755e-010
999000,-1.7473e-010
999001,-1.80564e-010
999002,-1.84706e-010
999003,-1.93995e-010
999004,-1.69289e-010
999005,-1.79338e-010
999006,-1.76152e-010
999007,-1.97427e-010
999008,-1.36471e-010
999009,-2.00588e-010
999010,-1.75319e-010
999011,-1.4201e-010
999012,-1.9027e-010
999013,-1.42647e-010
999014,-1.51642e-010
999015,-1.68971e-010
999016,-1.68603e-010
999017,-2.21471e-010
999018,-1.49779e-010
999019,-1.99412e-010
999020,-1.65809e-010
999021,-1.68333e-010
999022,-1.62255e-010
999023,-1.9598e-010
999024,-1.55662e-010
999025,-1.61177e-010
999026,-1.54608e-010
999027,-1.76177e-010
999028,-1.77549e-010
999029,-1.71471e-010
999030,-1.72378e-010
999031,-1.6375e-010
999032,-1.69093e-010
999033,-1.55417e-010
999034,-1.95049e-010
999035,-1.70123e-010
999036,-1.74976e-010
999037,-1.33137e-010
999038,-1.75564e-010
999039,-1.74804e-010
999040,-1.84387e-010
999041,-1.47696e-010
999042,-1.34706e-010
999043,-2.1027e-010
999044,-1.68579e-010
999045,-1.4924e-010
999046,-1.3424e-010
999047,-1.88529e-010
999048,-1.88824e-010
999049,-2.01961e-010
999050,-1.66618e-010
999051,-1.79216e-010
999052,-1.83407e-010
999053,-1.57672e-010
999054,-1.93358e-010
999055,-1.99632e-010
999056,-1.80441e-010
999057,-1.81985e-010
999058,-1.77157e-010
999059,-1.51152e-010
999060,-1.49927e-010
999061,-1.92647e-010
999062,-1.99191e-010
999063,-1.91103e-010
999064,-1.79853e-010
999065,-1.58064e-010
999066,-1.78382e-010
999067,-2.06618e-010
999068,-2.02476e-010
999069,-1.88554e-010
999070,-2.09559e-010
999071,-1.82819e-010
999072,-1.89387e-010
999073,-1.92476e-010
999074,-1.81912e-010
999075,-1.74632e-010
999076,-1.70686e-010
999077,-1.23897e-010
999078,-1.63088e-010
999079,-1.58064e-010
999080,-1.45907e-010
999081,-1.9723e-010
999082,-1.84338e-010
999083,-1.94878e-010
999084,-2.07966e-010
999085,-1.72476e-010
999086,-1.89289e-010
999087,-1.7451e-010
999088,-1.5076e-010
999089,-1.29878e-010
999090,-1.6848e-010
999091,-2.0402e-010
999092,-1.84265e-010
999093,-2.05907e-010
999094,-1.83358e-010
999095,-1.45882e-010
999096,-1.90319e-010
999097,-1.63039e-010
999098,-1.93677e-010
999099,-1.51838e-010
999100,-1.47843e-010
999101,-1.9076e-010
999102,-1.49951e-010
999103,-1.99289e-010
999104,-1.98726e-010
999105,-1.97427e-010
999106,-1.63824e-010
999107,-1.48529e-010
999108,-1.45196e-010
999109,-1.85049e-010
999110,-2.14118e-010
999111,-1.50196e-010
999112,-2.02868e-010
999113,-2.05245e-010
999114,-1.61887e-010
999115,-1.55098e-010
999116,-1.81299e-010
999117,-2.1951e-010
999118,-2.01471e-010
999119,-1.83039e-010
999120,-2.00515e-010
999121,-1.86985e-010
999122,-1.90221e-010
999123,-1.30417e-010
999124,-1.63333e-010
999125,-1.94976e-010
999126,-1.82672e-010
999127,-1.30319e-010
999128,-1.76103e-010
999129,-1.6902e-010
999130,-2.01079e-010
999131,-1.63726e-010
999132,-1.93873e-010
999133,-1.6973e-010
999134,-1.88088e-010
999135,-1.61593e-010
999136,-2.2049e-010
999137,-9.36765e-011
999138,-2.05956e-010
999139,-1.79387e-010
999140,-1.55368e-010
999141,-1.96201e-010
999142,-1.85196e-010
999143,-2.02083e-010
999144,-1.80074e-010
999145,-1.4924e-010
999146,-1.65588e-010
999147,-1.93554e-010
999148,-1.89608e-010
999149,-2.06814e-010
999150,-1.36838e-010
999151,-1.95564e-010
999152,-1.92353e-010
999153,-1.3375e-010
999154,-1.77966e-010
999155,-1.93628e-010
999156,-1.78113e-010
999157,-1.84142e-010
999158,-1.71789e-010
999159,-1.75515e-010
999160,-1.95882e-010
999161,-1.8152e-010
999162,-1.73456e-010
999163,-1.59878e-010
999164,-1.42279e-010
999165,-1.51103e-010
999166,-1.75637e-010
999167,-1.84289e-010
999168,-1.51005e-010
999169,-1.79363e-010
999170,-1.67157e-010
999171,-1.74632e-010
999172,-1.5777e-010
999173,-1.40123e-010
999174,-1.60833e-010
999175,-1.84976e-010
999176,-1.75392e-010
999177,-1.70588e-010
999178,-1.45147e-010
999179,-1.78309e-010
999180,-1.9652e-010
999181,-1.70686e-010
999182,-1.40882e-010
999183,-1.72206e-010
999184,-1.51275e-010
999185,-1.62255e-010
999186,-1.58186e-010
999187,-1.67794e-010
999188,-1.63162e-010
999189,-1.58824e-010
999190,-1.82083e-010
999191,-1.60147e-010
999192,-1.8652e-010
999193,-1.61569e-010
999194,-1.17917e-010
999195,-2.00613e-010
999196,-1.37696e-010
999197,-1.76691e-010
999198,-2.18775e-010
999199,-1.58652e-010
999200,-1.92819e-010
999201,-1.91226e-010
999202,-1.45931e-010
999203,-1.66226e-010
999204,-1.62598e-010
999205,-1.7049e-010
999206,-1.68505e-010
999207,-1.7473e-010
999208,-2.24755e-010
999209,-1.49755e-010
999210,-2.00221e-010
999211,-1.84853e-010
999212,-1.6973e-010
999213,-1.42108e-010
999214,-1.74436e-010
999215,-1.16054e-010
999216,-1.93358e-010
999217,-1.81079e-010
999218,-2.08946e-010
999219,-1.73946e-010
999220,-1.76887e-010
999221,-1.71275e-010
999222,-1.53726e-010
999223,-1.8098e-010
999224,-1.58382e-010
999225,-1.50441e-010
999226,-1.96544e-010
999227,-1.28824e-010
999228,-1.58579e-010
999229,-2.05074e-010
999230,-1.69412e-010
999231,-1.18431e-010
999232,-1.75882e-010
999233,-1.76152e-010
999234,-1.67304e-010
999235,-1.65588e-010
999236,-2.29289e-010
999237,-1.6348e-010
999238,-1.86201e-010
999239,-1.74927e-010
999240,-1.9326e-010
999241,-1.7701e-010
999242,-2.09461e-010
999243,-1.56422e-010
999244,-1.80049e-010
999245,-1.77721e-010
999246,-1.80441e-010
999247,-1.96593e-010
999248,-1.72623e-010
999249,-1.62525e-010
999250,-1.90417e-010
999251,-1.55907e-010
999252,-1.4098e-010
999253,-1.62059e-010
999254,-1.91275e-010
999255,-1.9277e-010
999256,-1.81863e-010
999257,-1.59706e-010
999258,-1.86422e-010
999259,-1.78628e-010
999260,-1.48897e-010
999261,-1.56471e-010
999262,-1.37402e-010
999263,-1.7951e-010
999264,-1.6701e-010
999265,-2.25833e-010
999266,-1.40931e-010
999267,-1.57892e-010
999268,-1.88431e-010
999269,-1.09534e-010
999270,-1.67353e-010
999271,-1.98775e-010
999272,-1.64829e-010
999273,-1.85319e-010
999274,-2.02745e-010
999275,-1.59069e-010
999276,-1.8625e-010
999277,-1.42304e-010
999278,-1.73235e-010
999279,-1.74118e-010
999280,-1.75931e-010
999281,-1.67402e-010
999282,-1.57696e-010
999283,-1.51814e-010
999284,-1.73628e-010
999285,-1.61716e-010
999286,-1.94093e-010
999287,-1.59878e-010
999288,-1.84902e-010
999289,-1.71814e-010
999290,-1.74534e-010
999291,-1.23873e-010
999292,-1.68848e-010
999293,-1.62181e-010
999294,-1.68064e-010
999295,-1.65613e-010
999296,-1.3027e-010
999297,-1.7027e-010
999298,-1.47941e-010
999299,-2.14069e-010
999300,-1.71079e-010
999301,-2.02206e-010
999302,-1.82059e-010
999303,-1.64902e-010
999304,-1.7152e-010
999305,-1.48358e-010
999306,-1.53407e-010
999307,-1.83064e-010
999308,-1.7902e-010
999309,-1.58922e-010
999310,-1.90319e-010
999311,-2.04927e-010
999312,-1.91029e-010
999313,-1.62451e-010
999314,-1.54044e-010
999315,-1.97868e-010
999316,-1.7951e-010
999317,-2.05539e-010
999318,-1.66593e-010
999319,-1.86593e-010
999320,-1.53922e-010
999321,-1.78824e-010
999322,-1.84804e-010
999323,-2.04829e-010
999324,-1.72941e-010
999325,-1.74583e-010
999326,-1.4777e-010
999327,-1.54265e-010
999328,-1.64534e-010
999329,-1.55025e-010
999330,-1.77745e-010
999331,-1.66422e-010
999332,-1.46152e-010
999333,-2.0027e-010
999334,-1.84632e-010
999335,-1.91226e-010
999336,-1.45147e-010
999337,-1.76912e-010
999338,-1.86422e-010
999339,-1.86495e-010
999340,-1.89534e-010
999341,-1.98628e-010
999342,-1.91691e-010
999343,-1.93579e-010
999344,-1.88505e-010
999345,-1.64804e-010
999346,-1.74093e-010
999347,-1.4299e-010
999348,-1.53235e-010
999349,-1.61961e-010
999350,-1.5152e-010
999351,-1.97843e-010
999352,-1.55147e-010
999353,-1.70466e-010
999354,-1.13064e-010
999355,-1.54927e-010
999356,-1.60098e-010
999357,-1.82696e-010
999358,-1.67525e-010
999359,-1.64216e-010
999360,-1.50441e-010
999361,-1.63848e-010
999362,-1.43971e-010
999363,-1.44265e-010
999364,-1.77476e-010
999365,-1.27083e-010
999366,-1.69265e-010
999367,-1.58824e-010
999368,-1.52427e-010
999369,-1.41667e-010
999370,-1.44657e-010
999371,-1.71544e-010
999372,-1.7701e-010
999373,-2.10735e-010
999374,-2.02427e-010
999375,-1.60686e-010
999376,-1.49191e-010
999377,-1.78186e-010
999378,-1.7223e-010
999379,-2.02672e-010
999380,-2.07696e-010
999381,-1.83775e-010
999382,-1.52206e-010
999383,-2.0228e-010
999384,-1.7098e-010
999385,-1.87819e-010
999386,-2.22966e-010
999387,-2.525e-010
999388,-1.63677e-010
999389,-1.80735e-010
999390,-1.97402e-010
999391,-2.00147e-010
999392,-1.97647e-010
999393,-1.9326e-010
999394,-2.13407e-010
999395,-1.96495e-010
999396,-1.36838e-010
999397,-1.86593e-010
999398,-1.50245e-010
999399,-1.38235e-010
999400,-1.71373e-010
999401,-1.40613e-010
999402,-1.84902e-010
999403,-1.82059e-010
999404,-1.64485e-010
999405,-1.40417e-010
999406,-1.9299e-010
999407,-1.92574e-010
999408,-1.78554e-010
999409,-2.09093e-010
999410,-1.61667e-010
999411,-1.77108e-010
999412,-1.31201e-010
999413,-2.10809e-010
999414,-1.73382e-010
999415,-2.12892e-010
999416,-1.76348e-010
999417,-1.44632e-010
999418,-1.31054e-010
999419,-2.22304e-010
999420,-1.64142e-010
999421,-1.78971e-010
999422,-1.9576e-010
999423,-1.73309e-010
999424,-1.46275e-010
999425,-1.88505e-010
999426,-2.05123e-010
999427,-1.80196e-010
999428,-1.31152e-010
999429,-2.08309e-010
999430,-1.84191e-010
999431,-1.65368e-010
999432,-8.27206e-011
999433,-1.91765e-010
999434,-1.62721e-010
999435,-1.79069e-010
999436,-1.76128e-010
999437,-1.57034e-010
999438,-1.45833e-010
999439,-1.71054e-010
999440,-1.57574e-010
999441,-1.7e-010
999442,-1.51299e-010
999443,-2.14387e-010
999444,-1.77598e-010
999445,-1.92157e-010
999446,-1.87843e-010
999447,-2.23113e-010
999448,-1.8098e-010
999449,-1.60196e-010
999450,-1.67157e-010
999451,-1.74779e-010
999452,-1.89069e-010
999453,-1.30956e-010
999454,-2.13579e-010
999455,-1.86887e-010
999456,-2.03995e-010
999457,-2.04044e-010
999458,-1.60833e-010
999459,-1.44436e-010
999460,-1.99583e-010
999461,-1.64976e-010
999462,-1.43284e-010
999463,-1.65735e-010
999464,-1.72353e-010
999465,-1.71838e-010
999466,-1.55319e-010
999467,-1.43995e-010
999468,-1.93701e-010
999469,-2.05368e-010
999470,-1.68579e-010
999471,-1.57941e-010
999472,-1.42868e-010
999473,-1.63652e-010
999474,-1.49461e-010
999475,-1.82279e-010
999476,-1.59093e-010
999477,-1.47279e-010
999478,-1.34461e-010
999479,-2.00588e-010
999480,-1.64167e-010
999481,-1.36078e-010
999482,-1.93652e-010
999483,-1.94265e-010
999484,-1.74706e-010
999485,-1.88235e-010
999486,-1.41078e-010
999487,-1.66985e-010
999488,-1.67083e-010
999489,-2.00196e-010
999490,-1.79853e-010
999491,-2.33726e-010
999492,-2.05882e-010
999493,-1.8076e-010
999494,-2.1098e-010
999495,-1.90515e-010
999496,-2.20172e-010
999497,-1.93922e-010
999498,-1.75147e-010
999499,-1.85221e-010
999500,-1.49804e-010
999501,-1.62745e-010
999502,-1.87353e-010
999503,-2.0049e-010
999504,-2.16299e-010
999505,-1.67966e-010
999506,-1.73186e-010
999507,-1.77843e-010
999508,-1.80564e-010
999509,-1.85172e-010
999510,-1.68456e-010
999511,-1.7451e-010
999512,-1.85049e-010
999513,-2.19853e-010
999514,-1.62819e-010
999515,-1.9201e-010
999516,-1.7027e-010
999517,-1.34485e-010
999518,-1.74559e-010
999519,-1.72427e-010
999520,-1.38922e-010
999521,-1.60956e-010
999522,-1.63848e-010
999523,-1.38333e-010
999524,-2.0098e-010
999525,-1.86863e-010
999526,-1.81471e-010
999527,-1.625e-010
999528,-1.33873e-010
999529,-1.69804e-010
999530,-1.48088e-010
999531,-1.75049e-010
999532,-1.17868e-010
999533,-1.40294e-010
999534,-1.95662e-010
999535,-1.91422e-010
999536,-2.21103e-010
999537,-2.04142e-010
999538,-1.85637e-010
999539,-2.32181e-010
999540,-2.13701e-010
999541,-1.93015e-010
999542,-1.70956e-010
999543,-2.06348e-010
999544,-1.70662e-010
999545,-1.91789e-010
999546,-1.62427e-010
999547,-1.70833e-010
999548,-2.13873e-010
999549,-1.88088e-010
999550,-1.81593e-010
999551,-1.95711e-010
999552,-1.38284e-010
999553,-2.45074e-010
999554,-2.18505e-010
999555,-2.23922e-010
999556,-1.46324e-010
999557,-1.82427e-010
999558,-2.14632e-010
999559,-1.55392e-010
999560,-1.70515e-010
999561,-2.04559e-010
999562,-1.78431e-010
999563,-1.94044e-010
999564,-1.91936e-010
999565,-2.0478e-010
999566,-1.80466e-010
999567,-1.96691e-010
999568,-1.64069e-010
999569,-1.76226e-010
999570,-1.78113e-010
999571,-1.61422e-010
999572,-1.90319e-010
999573,-2.00025e-010
999574,-2.1076e-010
999575,-1.63971e-010
999576,-1.59387e-010
999577,-2.01814e-010
999578,-1.69829e-010
999579,-1.77378e-010
999580,-1.37353e-010
999581,-1.56716e-010
999582,-1.80417e-010
999583,-1.61814e-010
999584,-1.78284e-010
999585,-1.58211e-010
999586,-2.03235e-010
999587,-1.82966e-010
999588,-1.59706e-010
999589,-1.53162e-010
999590,-1.59608e-010
999591,-2.09436e-010
999592,-1.73039e-010
999593,-1.90956e-010
999594,-1.94118e-010
999595,-1.60515e-010
999596,-1.27721e-010
999597,-1.52427e-010
999598,-1.48382e-010
999599,-1.70588e-010
999600,-1.83088e-010
999601,-1.88726e-010
999602,-1.55539e-010
999603,-1.61961e-010
999604,-1.71667e-010
999605,-1.89804e-010
999606,-1.9326e-010
999607,-1.5848e-010
999608,-1.39779e-010
999609,-1.76569e-010
999610,-2.2049e-010
999611,-1.12794e-010
999612,-1.61397e-010
999613,-1.73554e-010
999614,-1.95245e-010
999615,-1.925e-010
999616,-2.15564e-010
999617,-1.99069e-010
999618,-2.27353e-010
999619,-1.79093e-010
999620,-1.70686e-010
999621,-1.89485e-010
999622,-2.11691e-010
999623,-1.87083e-010
999624,-1.59853e-010
999625,-1.8277e-010
999626,-1.81152e-010
999627,-1.69461e-010
999628,-2.03015e-010
999629,-1.69681e-010
999630,-1.64632e-010
999631,-1.83284e-010
999632,-1.81397e-010
999633,-1.43897e-010
999634,-1.86912e-010
999635,-2.05515e-010
999636,-2.02549e-010
999637,-1.51299e-010
999638,-1.9201e-010
999639,-1.79951e-010
999640,-1.98775e-010
999641,-1.9375e-010
999642,-1.06422e-010
999643,-1.44142e-010
999644,-1.36544e-010
999645,-1.84363e-010
999646,-1.80392e-010
999647,-1.4424e-010
999648,-1.59657e-010
999649,-1.64461e-010
999650,-1.59216e-010
999651,-1.4902e-010
999652,-1.93284e-010
999653,-1.97132e-010
999654,-1.73358e-010
999655,-2.40466e-010
999656,-9.53187e-011
999657,-1.5326e-010
999658,-1.81397e-010
999659,-1.24755e-010
999660,-1.62402e-010
999661,-1.81789e-010
999662,-1.79804e-010
999663,-1.6799e-010
999664,-1.65098e-010
999665,-2.00025e-010
999666,-1.26495e-010
999667,-1.86765e-010
999668,-1.81544e-010
999669,-1.23235e-010
999670,-1.88064e-010
999671,-1.50637e-010
999672,-1.79338e-010
999673,-1.76863e-010
999674,-1.6348e-010
999675,-1.28775e-010
999676,-1.72917e-010
999677,-1.34853e-010
999678,-1.40392e-010
999679,-1.75294e-010
999680,-1.61177e-010
999681,-1.87451e-010
999682,-1.93015e-010
999683,-1.7125e-010
999684,-1.69829e-010
999685,-1.46642e-010
999686,-1.5125e-010
999687,-1.94485e-010
999688,-1.76152e-010
999689,-1.95025e-010
999690,-1.96201e-010
999691,-1.94118e-010
999692,-1.8424e-010
999693,-2.03848e-010
999694,-1.67868e-010
999695,-1.79338e-010
999696,-1.72721e-010
999697,-2.01569e-010
999698,-1.96961e-010
999699,-2.0799e-010
999700,-1.49951e-010
999701,-1.4799e-010
999702,-1.38897e-010
999703,-1.5402e-010
999704,-1.79951e-010
999705,-2.06446e-010
999706,-1.725e-010
999707,-1.59583e-010
999708,-1.70515e-010
999709,-1.625e-010
999710,-1.19583e-010
999711,-1.60123e-010
999712,-1.53333e-010
999713,-1.48652e-010
999714,-1.63358e-010
999715,-1.01226e-010
999716,-1.95564e-010
999717,-1.66985e-010
999718,-1.20294e-010
999719,-1.83603e-010
999720,-1.86471e-010
999721,-1.87402e-010
999722,-1.65245e-010
999723,-1.37941e-010
999724,-1.68579e-010
999725,-1.61005e-010
999726,-1.44681e-010
999727,-1.61054e-010
999728,-1.54951e-010
999729,-1.52966e-010
999730,-1.85441e-010
999731,-1.63333e-010
999732,-1.70441e-010
999733,-1.72623e-010
999734,-1.62721e-010
999735,-1.69069e-010
999736,-1.38848e-010
999737,-2.36177e-010
999738,-1.68971e-010
999739,-1.64265e-010
999740,-1.92132e-010
999741,-1.47574e-010
999742,-1.72083e-010
999743,-1.79681e-010
999744,-1.89927e-010
999745,-1.91324e-010
999746,-1.64681e-010
999747,-1.80245e-010
999748,-1.66838e-010
999749,-2.32745e-010
999750,-1.7527e-010
999751,-2.16128e-010
999752,-2.18505e-010
999753,-2.21765e-010
999754,-1.84853e-010
999755,-1.24093e-010
999756,-1.96177e-010
999757,-1.80123e-010
999758,-1.90245e-010
999759,-1.74118e-010
999760,-1.68333e-010
999761,-1.76079e-010
999762,-1.275e-010
999763,-2.0228e-010
999764,-1.72181e-010
999765,-1.67353e-010
999766,-1.18162e-010
999767,-1.87059e-010
999768,-1.59657e-010
999769,-1.4625e-010
999770,-1.76201e-010
999771,-1.72279e-010
999772,-1.37672e-010
999773,-1.71128e-010
999774,-9.15687e-011
999775,-1.69093e-010
999776,-1.73726e-010
999777,-1.67132e-010
999778,-1.87843e-010
999779,-1.40931e-010
999780,-1.72647e-010
999781,-1.63603e-010
999782,-1.22157e-010
999783,-1.96912e-010
999784,-1.59583e-010
999785,-1.61569e-010
999786,-1.14976e-010
999787,-1.41201e-010
999788,-1.86348e-010
999789,-1.87108e-010
999790,-1.34069e-010
999791,-1.1527e-010
999792,-1.90784e-010
999793,-1.42476e-010
999794,-1.61471e-010
999795,-1.75368e-010
999796,-1.47451e-010
999797,-2.07206e-010
999798,-1.77966e-010
999799,-1.60319e-010
999800,-2.17329e-010
999801,-1.93162e-010
999802,-1.79387e-010
999803,-1.7299e-010
999804,-1.91348e-010
999805,-2.02696e-010
999806,-1.63922e-010
999807,-1.88628e-010
999808,-1.42451e-010
999809,-1.94167e-010
999810,-1.46446e-010
999811,-1.57059e-010
999812,-2.03603e-010
999813,-1.49902e-010
999814,-1.83873e-010
999815,-1.4201e-010
999816,-1.55539e-010
999817,-1.5152e-010
999818,-1.87794e-010
999819,-2.19216e-010
999820,-1.97892e-010
999821,-1.91324e-010
999822,-1.6299e-010
999823,-1.73015e-010
999824,-1.58726e-010
999825,-1.36814e-010
999826,-1.86054e-010
999827,-1.7e-010
999828,-1.48946e-010
999829,-1.87819e-010
999830,-1.76128e-010
999831,-1.52917e-010
999832,-1.14608e-010
999833,-1.7174e-010
999834,-1.72696e-010
999835,-1.56005e-010
999836,-1.72181e-010
999837,-1.65098e-010
999838,-1.65392e-010
999839,-1.23358e-010
999840,-1.86789e-010
999841,-1.73186e-010
999842,-1.87353e-010
999843,-1.63431e-010
999844,-1.42427e-010
999845,-1.51642e-010
999846,-1.83701e-010
999847,-1.39779e-010
999848,-2.04314e-010
999849,-1.80907e-010
999850,-1.70564e-010
999851,-1.7424e-010
999852,-2.2228e-010
999853,-1.75392e-010
999854,-1.67745e-010
999855,-1.71079e-010
999856,-1.97917e-010
999857,-1.775e-010
999858,-1.88456e-010
999859,-1.82157e-010
999860,-1.58113e-010
999861,-1.68186e-010
999862,-1.90074e-010
999863,-1.97378e-010
999864,-2.20147e-010
999865,-1.78628e-010
999866,-1.85221e-010
999867,-1.83309e-010
999868,-1.94338e-010
999869,-1.8902e-010
999870,-1.58701e-010
999871,-1.84044e-010
999872,-1.64044e-010
999873,-1.77034e-010
999874,-1.58309e-010
999875,-1.81961e-010
999876,-1.98284e-010
999877,-2.07059e-010
999878,-1.49608e-010
999879,-1.80466e-010
999880,-1.57868e-010
999881,-1.69412e-010
999882,-1.8625e-010
999883,-1.2326e-010
999884,-1.33873e-010
999885,-1.35196e-010
999886,-1.82966e-010
999887,-1.66642e-010
999888,-1.51079e-010
999889,-1.96275e-010
999890,-1.79412e-010
999891,-1.56667e-010
999892,-1.72402e-010
999893,-1.91201e-010
999894,-1.67059e-010
999895,-1.29706e-010
999896,-1.70686e-010
999897,-1.71814e-010
999898,-1.89583e-010
999899,-1.8375e-010
999900,-1.37427e-010
999901,-1.60588e-010
999902,-1.78088e-010
999903,-1.60539e-010
999904,-1.52451e-010
999905,-1.96422e-010
999906,-1.74093e-010
999907,-2.00858e-010
999908,-1.57034e-010
999909,-1.17794e-010
999910,-1.46005e-010
999911,-1.72279e-010
999912,-1.70466e-010
999913,-1.62721e-010
999914,-1.59436e-010
999915,-2.02255e-010
999916,-1.76912e-010
999917,-1.64044e-010
999918,-1.9473e-010
999919,-1.87255e-010
999920,-1.65882e-010
999921,-1.99608e-010
999922,-1.95172e-010
999923,-1.88186e-010
999924,-1.39976e-010
999925,-1.80025e-010
999926,-1.90662e-010
999927,-1.90049e-010
999928,-1.51446e-010
999929,-1.46397e-010
999930,-1.97181e-010
999931,-1.3826e-010
999932,-1.77745e-010
999933,-1.85613e-010
999934,-1.79681e-010
999935,-1.67059e-010
999936,-1.83652e-010
999937,-1.42574e-010
999938,-1.62279e-010
999939,-1.17941e-010
999940,-2.15613e-010
999941,-1.61177e-010
999942,-1.58431e-010
999943,-1.48848e-010
999944,-1.15e-010
999945,-1.82206e-010
999946,-1.92402e-010
999947,-1.28848e-010
999948,-1.60417e-010
999949,-1.49534e-010
999950,-1.6848e-010
999951,-1.65931e-010
999952,-1.725e-010
999953,-2.33235e-010
999954,-1.72034e-010
999955,-1.70025e-010
999956,-1.75711e-010
999957,-1.59853e-010
999958,-1.64927e-010
999959,-1.66887e-010
999960,-1.59118e-010
999961,-1.68971e-010
999962,-1.89902e-010
999963,-1.75539e-010
999964,-1.73775e-010
999965,-1.69951e-010
999966,-1.26961e-010
999967,-1.73456e-010
999968,-1.64804e-010
999969,-1.92108e-010
999970,-1.87451e-010
999971,-1.75147e-010
999972,-1.50564e-010
999973,-1.57647e-010
999974,-1.89534e-010
999975,-1.93431e-010
999976,-1.73824e-010
999977,-1.78554e-010
999978,-1.78799e-010
999979,-1.77794e-010
999980,-2.04289e-010
999981,-1.39167e-010
999982,-1.61716e-010
999983,-1.55588e-010
999984,-1.50858e-010
999985,-1.75515e-010
999986,-1.66446e-010
999987,-1.71348e-010
999988,-1.73333e-010
999989,-1.31936e-010
999990,-1.86765e-010
999991,-1.7027e-010
999992,-2.07157e-010
999993,-1.45784e-010
999994,-1.23113e-010
999995,-1.68971e-010
999996,-1.49216e-010
999997,-1.39828e-010
999998,-1.97525e-010
999999,-1.80637e-010
