LECROYWR104MXi,15731,Waveform
Segments,1,SegmentSize,2136
Segment,TrigTime,TimeSinceSegment1
#1,02-Dec-2012 09:18:38,0                 
Time,Ampl
997864,-1.8462e-010
997865,-1.40993e-010
997866,-4.88358e-011
997867,-1.53003e-010
997868,-1.88419e-010
997869,-1.97365e-010
997870,-1.49755e-010
997871,-1.69547e-010
997872,-1.43934e-010
997873,-1.84191e-010
997874,-1.34436e-010
997875,-1.43995e-010
997876,-1.18505e-010
997877,-1.16422e-010
997878,-1.29412e-010
997879,-1.54657e-010
997880,-1.43444e-010
997881,-1.71017e-010
997882,-1.67341e-010
997883,-1.44118e-010
997884,-1.45404e-010
997885,-1.41973e-010
997886,-1.23591e-010
997887,-1.83211e-010
997888,-1.78738e-010
997889,-1.83517e-010
997890,-1.73958e-010
997891,-1.55944e-010
997892,-1.33456e-010
997893,-1.61887e-010
997894,-1.625e-010
997895,-1.44363e-010
997896,-1.47549e-010
997897,-1.35968e-010
997898,-1.51654e-010
997899,-1.27819e-010
997900,-1.75184e-010
997901,-1.80453e-010
997902,-1.59375e-010
997903,-1.29596e-010
997904,-1.52267e-010
997905,-1.83578e-010
997906,-1.62071e-010
997907,-1.69608e-010
997908,-1.95895e-010
997909,-1.49387e-010
997910,-1.6924e-010
997911,-1.93689e-010
997912,-1.75797e-010
997913,-1.49142e-010
997914,-2.12378e-010
997915,-1.47304e-010
997916,-1.78615e-010
997917,-1.39154e-010
997918,-1.15257e-010
997919,-1.94547e-010
997920,-2.05821e-010
997921,-1.50429e-010
997922,-2.29718e-010
997923,-1.60294e-010
997924,-1.64461e-010
997925,-1.81005e-010
997926,-1.76654e-010
997927,-1.7114e-010
997928,-1.41544e-010
997929,-1.56189e-010
997930,-1.10968e-010
997931,-1.57353e-010
997932,-1.77635e-010
997933,-1.86642e-010
997934,-1.39338e-010
997935,-1.34743e-010
997936,-1.90625e-010
997937,-1.19179e-010
997938,-1.90809e-010
997939,-1.93382e-010
997940,-1.85846e-010
997941,-1.59865e-010
997942,-1.63726e-010
997943,-1.61887e-010
997944,-1.68076e-010
997945,-1.76164e-010
997946,-1.16115e-010
997947,-1.73836e-010
997948,-1.56005e-010
997949,-1.58333e-010
997950,-1.54902e-010
997951,-1.85049e-010
997952,-1.61887e-010
997953,-1.75e-010
997954,-1.5576e-010
997955,-1.23652e-010
997956,-1.58701e-010
997957,-1.63909e-010
997958,-1.43689e-010
997959,-1.30821e-010
997960,-1.81373e-010
997961,-1.27451e-010
997962,-1.58701e-010
997963,-1.54596e-010
997964,-1.66667e-010
997965,-1.33211e-010
997966,-1.26164e-010
997967,-1.52635e-010
997968,-1.80944e-010
997969,-1.46262e-010
997970,-1.69056e-010
997971,-1.60355e-010
997972,-1.769e-010
997973,-1.51777e-010
997974,-1.72427e-010
997975,-1.69363e-010
997976,-1.55208e-010
997977,-1.80944e-010
997978,-2.06863e-010
997979,-1.30147e-010
997980,-1.81924e-010
997981,-1.8076e-010
997982,-1.68689e-010
997983,-1.77145e-010
997984,-1.73713e-010
997985,-2.06556e-010
997986,-2.22733e-010
997987,-1.66728e-010
997988,-1.36213e-010
997989,-1.75e-010
997990,-1.98897e-010
997991,-2.31924e-010
997992,-1.82476e-010
997993,-1.25429e-010
997994,-1.24878e-010
997995,-1.48652e-010
997996,-1.86152e-010
997997,-1.60907e-010
997998,-1.39277e-010
997999,-1.3076e-010
998000,-1.59804e-010
998001,-1.56066e-010
998002,-1.77451e-010
998003,-1.74694e-010
998004,-1.20404e-010
998005,-1.69914e-010
998006,-1.72365e-010
998007,-1.80699e-010
998008,-1.60539e-010
998009,-1.24326e-010
998010,-1.48713e-010
998011,-1.54963e-010
998012,-1.69547e-010
998013,-1.21017e-010
998014,-1.64522e-010
998015,-1.77206e-010
998016,-2.38113e-010
998017,-1.33824e-010
998018,-1.76409e-010
998019,-1.61152e-010
998020,-1.43934e-010
998021,-1.82476e-010
998022,-1.56066e-010
998023,-1.53922e-010
998024,-1.58762e-010
998025,-1.7212e-010
998026,-1.75735e-010
998027,-1.4473e-010
998028,-1.84007e-010
998029,-1.78983e-010
998030,-1.78677e-010
998031,-2.07904e-010
998032,-1.70895e-010
998033,-1.625e-010
998034,-1.38358e-010
998035,-1.65503e-010
998036,-1.48101e-010
998037,-2.00306e-010
998038,-1.63848e-010
998039,-1.90074e-010
998040,-1.37132e-010
998041,-1.82353e-010
998042,-2.00797e-010
998043,-1.6875e-010
998044,-1.70343e-010
998045,-1.38726e-010
998046,-1.43689e-010
998047,-1e-010
998048,-1.79105e-010
998049,-1.46569e-010
998050,-1.83333e-010
998051,-1.48591e-010
998052,-1.60846e-010
998053,-2.04412e-010
998054,-1.67034e-010
998055,-1.9565e-010
998056,-1.62561e-010
998057,-1.54963e-010
998058,-1.34927e-010
998059,-1.86213e-010
998060,-2.02022e-010
998061,-1.42647e-010
998062,-1.90748e-010
998063,-1.5098e-010
998064,-1.25797e-010
998065,-1.49203e-010
998066,-1.42157e-010
998067,-2.02267e-010
998068,-1.58211e-010
998069,-1.85723e-010
998070,-1.78248e-010
998071,-1.47304e-010
998072,-1.82537e-010
998073,-1.68444e-010
998074,-1.57353e-010
998075,-1.66422e-010
998076,-1.56373e-010
998077,-1.76838e-010
998078,-1.96936e-010
998079,-1.45343e-010
998080,-1.7886e-010
998081,-1.87378e-010
998082,-1.87378e-010
998083,-1.64645e-010
998084,-1.92341e-010
998085,-1.66605e-010
998086,-1.86826e-010
998087,-2.03186e-010
998088,-1.8223e-010
998089,-2.16483e-010
998090,-1.66544e-010
998091,-8.35172e-011
998092,-1.79289e-010
998093,-1.45221e-010
998094,-1.76103e-010
998095,-1.4038e-010
998096,-1.30453e-010
998097,-1.70221e-010
998098,-1.49632e-010
998099,-1.9473e-010
998100,-1.67708e-010
998101,-1.49265e-010
998102,-1.5962e-010
998103,-1.4375e-010
998104,-1.21691e-010
998105,-1.54351e-010
998106,-1.59436e-010
998107,-1.85601e-010
998108,-1.76838e-010
998109,-1.38542e-010
998110,-1.71385e-010
998111,-1.48897e-010
998112,-1.81495e-010
998113,-1.54289e-010
998114,-1.34988e-010
998115,-1.44669e-010
998116,-1.71446e-010
998117,-1.63603e-010
998118,-1.49203e-010
998119,-1.45833e-010
998120,-1.63113e-010
998121,-1.64767e-010
998122,-1.3364e-010
998123,-1.34559e-010
998124,-1.65012e-010
998125,-1.92463e-010
998126,-1.73836e-010
998127,-8.84192e-011
998128,-1.79228e-010
998129,-1.78125e-010
998130,-9.36275e-011
998131,-1.66483e-010
998132,-1.42218e-010
998133,-1.65931e-010
998134,-1.73529e-010
998135,-1.15319e-010
998136,-5.47795e-011
998137,-2.25e-010
998138,-1.94179e-010
998139,-1.28922e-010
998140,-1.1924e-010
998141,-1.37623e-010
998142,-1.54902e-010
998143,-1.70527e-010
998144,-1.27022e-010
998145,-1.4087e-010
998146,-1.35846e-010
998147,-1.84436e-010
998148,-1.88052e-010
998149,-1.58885e-010
998150,-1.64154e-010
998151,-1.67279e-010
998152,-1.50735e-010
998153,-2.18811e-010
998154,-1.71569e-010
998155,-1.32659e-010
998156,-1.34436e-010
998157,-1.96446e-010
998158,-1.94485e-010
998159,-1.72549e-010
998160,-1.58885e-010
998161,-1.24878e-010
998162,-1.07047e-010
998163,-1.70098e-010
998164,-1.59498e-010
998165,-1.64154e-010
998166,-1.79657e-010
998167,-1.52941e-010
998168,-1.23836e-010
998169,-1.77941e-010
998170,-1.67096e-010
998171,-1.625e-010
998172,-1.68382e-010
998173,-1.78799e-010
998174,-1.65257e-010
998175,-1.80331e-010
998176,-1.73407e-010
998177,-1.76593e-010
998178,-1.50245e-010
998179,-1.59253e-010
998180,-1.30699e-010
998181,-1.42157e-010
998182,-1.22181e-010
998183,-1.88848e-010
998184,-1.67892e-010
998185,-1.94914e-010
998186,-1.4614e-010
998187,-1.68199e-010
998188,-1.70895e-010
998189,-2.01654e-010
998190,-1.94669e-010
998191,-1.67096e-010
998192,-1.56128e-010
998193,-1.73775e-010
998194,-1.68934e-010
998195,-1.47427e-010
998196,-1.16912e-010
998197,-1.48836e-010
998198,-1.40993e-010
998199,-1.78677e-010
998200,-1.67157e-010
998201,-1.65257e-010
998202,-1.59681e-010
998203,-1.8413e-010
998204,-1.25123e-010
998205,-1.9712e-010
998206,-1.78615e-010
998207,-1.45956e-010
998208,-1.24387e-010
998209,-1.94792e-010
998210,-2.09743e-010
998211,-1.54289e-010
998212,-1.59559e-010
998213,-1.75613e-010
998214,-1.82721e-010
998215,-1.53554e-010
998216,-1.17218e-010
998217,-1.87439e-010
998218,-1.41483e-010
998219,-1.33578e-010
998220,-1.58578e-010
998221,-1.52267e-010
998222,-1.87806e-010
998223,-1.71691e-010
998224,-1.73101e-010
998225,-1.93505e-010
998226,-1.39216e-010
998227,-1.2065e-010
998228,-1.89216e-010
998229,-1.95527e-010
998230,-1.46262e-010
998231,-1.59375e-010
998232,-1.32721e-010
998233,-1.76103e-010
998234,-1.88787e-010
998235,-1.46998e-010
998236,-1.62806e-010
998237,-1.13052e-010
998238,-1.53003e-010
998239,-1.41483e-010
998240,-1.66912e-010
998241,-1.55208e-010
998242,-1.5288e-010
998243,-1.9712e-010
998244,-1.67279e-010
998245,-1.6011e-010
998246,-1.66605e-010
998247,-1.60049e-010
998248,-1.48223e-010
998249,-1.67034e-010
998250,-1.90074e-010
998251,-2.19669e-010
998252,-1.71814e-010
998253,-1.6636e-010
998254,-1.70833e-010
998255,-1.67892e-010
998256,-1.29412e-010
998257,-1.8652e-010
998258,-1.54596e-010
998259,-1.91851e-010
998260,-1.57598e-010
998261,-1.88787e-010
998262,-1.81066e-010
998263,-1.52757e-010
998264,-1.51103e-010
998265,-1.66851e-010
998266,-1.6924e-010
998267,-1.3848e-010
998268,-1.56128e-010
998269,-1.90012e-010
998270,-1.77022e-010
998271,-2.18444e-010
998272,-1.5386e-010
998273,-1.57292e-010
998274,-1.44302e-010
998275,-1.57108e-010
998276,-1.40257e-010
998277,-1.67892e-010
998278,-1.34927e-010
998279,-1.83578e-010
998280,-1.92279e-010
998281,-1.50858e-010
998282,-1.4951e-010
998283,-1.36826e-010
998284,-1.61826e-010
998285,-1.76716e-010
998286,-1.57292e-010
998287,-1.61765e-010
998288,-1.78186e-010
998289,-1.61826e-010
998290,-1.21507e-010
998291,-1.92218e-010
998292,-1.82966e-010
998293,-1.53983e-010
998294,-1.01226e-010
998295,-1.40748e-010
998296,-1.38235e-010
998297,-1.7163e-010
998298,-1.48407e-010
998299,-1.69669e-010
998300,-1.25061e-010
998301,-2.09314e-010
998302,-2.17279e-010
998303,-1.80453e-010
998304,-1.93934e-010
998305,-1.42034e-010
998306,-1.66789e-010
998307,-1.61029e-010
998308,-1.62561e-010
998309,-1.78554e-010
998310,-1.37806e-010
998311,-1.77022e-010
998312,-1.53186e-010
998313,-1.61152e-010
998314,-1.94976e-010
998315,-1.6011e-010
998316,-1.49142e-010
998317,-1.65625e-010
998318,-1.71814e-010
998319,-1.7261e-010
998320,-1.70833e-010
998321,-1.86275e-010
998322,-1.60907e-010
998323,-1.47304e-010
998324,-1.59436e-010
998325,-1.24387e-010
998326,-1.55699e-010
998327,-1.78431e-010
998328,-1.49878e-010
998329,-1.43505e-010
998330,-1.67402e-010
998331,-1.40503e-010
998332,-1.24265e-010
998333,-1.4087e-010
998334,-1.6924e-010
998335,-1.58027e-010
998336,-1.73162e-010
998337,-1.54779e-010
998338,-1.46078e-010
998339,-1.68444e-010
998340,-1.29167e-010
998341,-1.43628e-010
998342,-1.21262e-010
998343,-1.67831e-010
998344,-1.81128e-010
998345,-1.49081e-010
998346,-1.62684e-010
998347,-1.34253e-010
998348,-1.29167e-010
998349,-1.6348e-010
998350,-1.73346e-010
998351,-1.53799e-010
998352,-1.69547e-010
998353,-1.70833e-010
998354,-1.5674e-010
998355,-1.26593e-010
998356,-1.41667e-010
998357,-1.71507e-010
998358,-1.45466e-010
998359,-1.80944e-010
998360,-1.4375e-010
998361,-1.5815e-010
998362,-1.55331e-010
998363,-1.50552e-010
998364,-1.37561e-010
998365,-1.73591e-010
998366,-2.04657e-010
998367,-1.29534e-010
998368,-1.76838e-010
998369,-1.56434e-010
998370,-1.52328e-010
998371,-1.78493e-010
998372,-1.6777e-010
998373,-1.82414e-010
998374,-1.93382e-010
998375,-1.54351e-010
998376,-1.7886e-010
998377,-1.58885e-010
998378,-1.92708e-010
998379,-1.73284e-010
998380,-1.38971e-010
998381,-6.47672e-011
998382,-1.58578e-010
998383,-1.59498e-010
998384,-1.67953e-010
998385,-1.72059e-010
998386,-1.71385e-010
998387,-1.76654e-010
998388,-1.17525e-010
998389,-1.66789e-010
998390,-1.95956e-010
998391,-1.76409e-010
998392,-1.5864e-010
998393,-1.15931e-010
998394,-1.38726e-010
998395,-1.57414e-010
998396,-2.07659e-010
998397,-1.50735e-010
998398,-1.49203e-010
998399,-1.68137e-010
998400,-1.29044e-010
998401,-1.91789e-010
998402,-1.48775e-010
998403,-8.98898e-011
998404,-1.45895e-010
998405,-1.48162e-010
998406,-1.75061e-010
998407,-2.01716e-010
998408,-2.20895e-010
998409,-1.55086e-010
998410,-1.57843e-010
998411,-1.65074e-010
998412,-1.5527e-010
998413,-1.79902e-010
998414,-1.894e-010
998415,-1.30331e-010
998416,-1.66605e-010
998417,-2.019e-010
998418,-1.73897e-010
998419,-1.75061e-010
998420,-1.57169e-010
998421,-1.50184e-010
998422,-1.44853e-010
998423,-1.49142e-010
998424,-1.7065e-010
998425,-1.68505e-010
998426,-1.80882e-010
998427,-1.77206e-010
998428,-1.64767e-010
998429,-1.73775e-010
998430,-1.56311e-010
998431,-1.53248e-010
998432,-1.47427e-010
998433,-1.89828e-010
998434,-1.65809e-010
998435,-1.56189e-010
998436,-1.24081e-010
998437,-1.51777e-010
998438,-1.35478e-010
998439,-1.44669e-010
998440,-1.43015e-010
998441,-1.60233e-010
998442,-1.70711e-010
998443,-1.96875e-010
998444,-1.25123e-010
998445,-1.49939e-010
998446,-1.30515e-010
998447,-1.33762e-010
998448,-1.60049e-010
998449,-2.00306e-010
998450,-1.63909e-010
998451,-1.45221e-010
998452,-1.63971e-010
998453,-1.14277e-010
998454,-1.75e-010
998455,-1.81618e-010
998456,-1.19363e-010
998457,-1.57843e-010
998458,-1.24571e-010
998459,-1.99571e-010
998460,-1.63358e-010
998461,-1.35968e-010
998462,-1.32904e-010
998463,-1.24816e-010
998464,-1.57108e-010
998465,-1.67892e-010
998466,-1.74081e-010
998467,-1.85049e-010
998468,-1.7598e-010
998469,-1.29044e-010
998470,-1.47855e-010
998471,-1.26838e-010
998472,-1.34743e-010
998473,-1.58395e-010
998474,-1.87745e-010
998475,-1.62684e-010
998476,-1.44608e-010
998477,-1.52819e-010
998478,-1.45159e-010
998479,-1.63052e-010
998480,-1.36152e-010
998481,-1.50429e-010
998482,-1.68934e-010
998483,-2.18321e-010
998484,-1.95956e-010
998485,-1.91728e-010
998486,-1.64461e-010
998487,-1.7065e-010
998488,-2.00061e-010
998489,-1.2739e-010
998490,-2.18015e-010
998491,-1.85723e-010
998492,-1.5e-010
998493,-1.6011e-010
998494,-1.85172e-010
998495,-1.06863e-010
998496,-9.98775e-011
998497,-1.47672e-010
998498,-1.64951e-010
998499,-1.64154e-010
998500,-1.68505e-010
998501,-2.0864e-010
998502,-1.7451e-010
998503,-1.97488e-010
998504,-1.80699e-010
998505,-1.57414e-010
998506,-1.68321e-010
998507,-1.70343e-010
998508,-1.80025e-010
998509,-1.30576e-010
998510,-1.46201e-010
998511,-1.46814e-010
998512,-1.81985e-010
998513,-1.73958e-010
998514,-1.53248e-010
998515,-1.57169e-010
998516,-1.88664e-010
998517,-1.67463e-010
998518,-1.77267e-010
998519,-1.56495e-010
998520,-1.53615e-010
998521,-1.50184e-010
998522,-1.59865e-010
998523,-1.82598e-010
998524,-1.45711e-010
998525,-1.6489e-010
998526,-1.75061e-010
998527,-1.31005e-010
998528,-1.58211e-010
998529,-1.65257e-010
998530,-1.7163e-010
998531,-1.34927e-010
998532,-1.92341e-010
998533,-1.79902e-010
998534,-1.63787e-010
998535,-1.58395e-010
998536,-1.69118e-010
998537,-1.14706e-010
998538,-1.52267e-010
998539,-1.63113e-010
998540,-1.61887e-010
998541,-1.45895e-010
998542,-1.73897e-010
998543,-1.63726e-010
998544,-1.63297e-010
998545,-1.90625e-010
998546,-1.5288e-010
998547,-1.77022e-010
998548,-1.66483e-010
998549,-1.40503e-010
998550,-1.52022e-010
998551,-1.5386e-010
998552,-1.61581e-010
998553,-1.41299e-010
998554,-1.17953e-010
998555,-1.68382e-010
998556,-1.40686e-010
998557,-1.49632e-010
998558,-1.69424e-010
998559,-1.62561e-010
998560,-1.62255e-010
998561,-1.53799e-010
998562,-1.42953e-010
998563,-1.58456e-010
998564,-1.81128e-010
998565,-1.64461e-010
998566,-1.23101e-010
998567,-2.10784e-010
998568,-1.53248e-010
998569,-1.09865e-010
998570,-1.32659e-010
998571,-1.6826e-010
998572,-1.46262e-010
998573,-1.23897e-010
998574,-1.78615e-010
998575,-1.65503e-010
998576,-1.81618e-010
998577,-1.50245e-010
998578,-1.44424e-010
998579,-1.24878e-010
998580,-1.78922e-010
998581,-1.99265e-010
998582,-1.8413e-010
998583,-1.63726e-010
998584,-1.04351e-010
998585,-1.41177e-010
998586,-1.37561e-010
998587,-1.84375e-010
998588,-2.05208e-010
998589,-1.54534e-010
998590,-1.41422e-010
998591,-1.45098e-010
998592,-1.52941e-010
998593,-1.75735e-010
998594,-1.49265e-010
998595,-1.83272e-010
998596,-1.68628e-010
998597,-1.68321e-010
998598,-1.60294e-010
998599,-1.50061e-010
998600,-1.71569e-010
998601,-1.53983e-010
998602,-1.62316e-010
998603,-2.0576e-010
998604,-1.71385e-010
998605,-1.70527e-010
998606,-1.78064e-010
998607,-1.66544e-010
998608,-1.8848e-010
998609,-1.77145e-010
998610,-1.48039e-010
998611,-1.54044e-010
998612,-1.60968e-010
998613,-1.56434e-010
998614,-1.64032e-010
998615,-1.93811e-010
998616,-1.91422e-010
998617,-1.38235e-010
998618,-1.42831e-010
998619,-1.41728e-010
998620,-1.66299e-010
998621,-2.27267e-010
998622,-1.394e-010
998623,-1.78983e-010
998624,-1.54902e-010
998625,-1.99632e-010
998626,-1.43689e-010
998627,-1.92647e-010
998628,-1.33333e-010
998629,-1.94669e-010
998630,-1.27328e-010
998631,-1.41115e-010
998632,-1.45404e-010
998633,-1.8125e-010
998634,-1.87745e-010
998635,-1.52635e-010
998636,-1.73223e-010
998637,-2.00613e-010
998638,-1.6489e-010
998639,-2.22059e-010
998640,-2.07414e-010
998641,-1.16177e-010
998642,-1.79963e-010
998643,-1.76838e-010
998644,-1.95221e-010
998645,-1.89032e-010
998646,-1.5386e-010
998647,-1.26532e-010
998648,-1.40686e-010
998649,-1.66054e-010
998650,-1.58701e-010
998651,-1.78248e-010
998652,-1.57782e-010
998653,-1.47672e-010
998654,-1.75552e-010
998655,-1.36458e-010
998656,-1.3364e-010
998657,-1.37194e-010
998658,-1.63971e-010
998659,-1.48468e-010
998660,-1.65074e-010
998661,-2.01716e-010
998662,-1.78799e-010
998663,-1.40748e-010
998664,-1.39645e-010
998665,-1.69792e-010
998666,-1.47365e-010
998667,-1.93873e-010
998668,-1.85478e-010
998669,-1.61336e-010
998670,-1.49081e-010
998671,-1.40931e-010
998672,-1.74571e-010
998673,-1.84007e-010
998674,-1.78003e-010
998675,-1.92953e-010
998676,-1.48284e-010
998677,-1.51593e-010
998678,-1.39951e-010
998679,-1.7114e-010
998680,-1.76348e-010
998681,-1.89767e-010
998682,-1.62745e-010
998683,-1.7549e-010
998684,-2.16667e-010
998685,-1.3989e-010
998686,-1.9326e-010
998687,-1.83211e-010
998688,-1.94056e-010
998689,-1.77022e-010
998690,-1.89706e-010
998691,-1.82782e-010
998692,-1.76164e-010
998693,-1.7065e-010
998694,-1.45159e-010
998695,-1.19118e-010
998696,-1.40135e-010
998697,-2.30392e-010
998698,-2.07292e-010
998699,-1.78493e-010
998700,-1.7788e-010
998701,-1.65503e-010
998702,-1.36765e-010
998703,-1.91115e-010
998704,-1.37561e-010
998705,-1.72427e-010
998706,-1.66605e-010
998707,-1.90809e-010
998708,-1.98039e-010
998709,-1.91728e-010
998710,-1.60233e-010
998711,-1.5864e-010
998712,-1.46078e-010
998713,-1.60846e-010
998714,-2.04473e-010
998715,-1.46998e-010
998716,-1.34804e-010
998717,-1.68382e-010
998718,-1.47672e-010
998719,-1.78309e-010
998720,-1.53493e-010
998721,-1.78922e-010
998722,-1.52451e-010
998723,-1.2837e-010
998724,-1.9087e-010
998725,-1.72794e-010
998726,-1.8027e-010
998727,-1.9473e-010
998728,-9.92035e-011
998729,-1.94363e-010
998730,-1.93873e-010
998731,-2.04105e-010
998732,-1.37255e-010
998733,-2.06311e-010
998734,-1.64767e-010
998735,-1.61887e-010
998736,-1.7402e-010
998737,-1.94179e-010
998738,-1.74939e-010
998739,-1.33211e-010
998740,-2.02574e-010
998741,-1.61275e-010
998742,-1.58824e-010
998743,-2.07659e-010
998744,-1.76961e-010
998745,-1.7886e-010
998746,-1.61642e-010
998747,-1.7788e-010
998748,-1.93873e-010
998749,-1.73101e-010
998750,-1.84375e-010
998751,-1.95711e-010
998752,-1.67157e-010
998753,-1.90503e-010
998754,-1.76042e-010
998755,-1.65686e-010
998756,-1.19792e-010
998757,-1.19914e-010
998758,-1.22794e-010
998759,-1.83824e-010
998760,-1.78615e-010
998761,-1.79779e-010
998762,-1.49632e-010
998763,-1.30699e-010
998764,-1.56066e-010
998765,-1.58578e-010
998766,-1.99142e-010
998767,-1.80086e-010
998768,-1.35417e-010
998769,-1.56005e-010
998770,-1.47488e-010
998771,-1.8799e-010
998772,-2.03799e-010
998773,-1.72488e-010
998774,-1.49755e-010
998775,-1.40196e-010
998776,-1.88664e-010
998777,-1.54779e-010
998778,-2.10355e-010
998779,-1.61397e-010
998780,-1.59988e-010
998781,-1.48652e-010
998782,-6.25e-011
998783,-1.70466e-010
998784,-1.84314e-010
998785,-1.74878e-010
998786,-1.72243e-010
998787,-2.14767e-010
998788,-1.0962e-010
998789,-1.87378e-010
998790,-1.5e-010
998791,-1.51409e-010
998792,-1.31495e-010
998793,-1.85355e-010
998794,-1.7598e-010
998795,-1.57843e-010
998796,-1.9473e-010
998797,-1.71262e-010
998798,-1.50858e-010
998799,-1.71936e-010
998800,-1.90319e-010
998801,-1.77757e-010
998802,-1.66973e-010
998803,-1.73284e-010
998804,-1.59253e-010
998805,-1.45159e-010
998806,-1.79167e-010
998807,-1.78554e-010
998808,-1.8223e-010
998809,-1.6875e-010
998810,-1.44056e-010
998811,-1.63235e-010
998812,-1.77267e-010
998813,-9.81005e-011
998814,-1.22794e-010
998815,-1.64461e-010
998816,-1.65686e-010
998817,-1.3027e-010
998818,-1.64951e-010
998819,-1.59988e-010
998820,-1.59375e-010
998821,-1.79779e-010
998822,-1.83762e-010
998823,-1.61765e-010
998824,-1.61581e-010
998825,-1.71201e-010
998826,-1.5576e-010
998827,-1.28309e-010
998828,-1.73529e-010
998829,-1.4951e-010
998830,-1.81863e-010
998831,-1.14461e-010
998832,-1.4614e-010
998833,-1.44608e-010
998834,-1.6152e-010
998835,-1.57537e-010
998836,-1.77267e-010
998837,-1.5723e-010
998838,-1.54902e-010
998839,-1.92279e-010
998840,-2.01042e-010
998841,-1.86826e-010
998842,-1.70159e-010
998843,-1.29596e-010
998844,-1.40135e-010
998845,-1.23223e-010
998846,-1.73897e-010
998847,-1.36581e-010
998848,-2.05331e-010
998849,-1.88909e-010
998850,-1.81373e-010
998851,-1.39828e-010
998852,-1.89583e-010
998853,-1.69853e-010
998854,-1.59988e-010
998855,-1.44485e-010
998856,-1.5674e-010
998857,-1.64338e-010
998858,-1.74449e-010
998859,-1.61703e-010
998860,-1.77145e-010
998861,-1.52083e-010
998862,-1.8989e-010
998863,-1.82476e-010
998864,-1.53493e-010
998865,-1.7065e-010
998866,-1.47794e-010
998867,-1.9038e-010
998868,-1.69056e-010
998869,-1.4712e-010
998870,-1.98468e-010
998871,-1.8125e-010
998872,-1.48407e-010
998873,-1.40503e-010
998874,-1.30882e-010
998875,-1.35478e-010
998876,-1.51961e-010
998877,-1.58578e-010
998878,-1.42586e-010
998879,-1.15135e-010
998880,-1.35233e-010
998881,-1.66177e-010
998882,-1.79105e-010
998883,-1.74449e-010
998884,-1.50858e-010
998885,-1.8223e-010
998886,-1.53554e-010
998887,-1.63726e-010
998888,-1.98101e-010
998889,-1.52328e-010
998890,-1.62316e-010
998891,-1.78493e-010
998892,-1.65074e-010
998893,-1.66544e-010
998894,-1.92525e-010
998895,-1.57292e-010
998896,-1.45711e-010
998897,-1.5288e-010
998898,-1.25797e-010
998899,-1.49449e-010
998900,-1.57414e-010
998901,-1.81128e-010
998902,-1.42096e-010
998903,-1.90012e-010
998904,-1.61152e-010
998905,-1.57353e-010
998906,-1.96569e-010
998907,-1.61949e-010
998908,-1.64767e-010
998909,-1.62684e-010
998910,-1.7163e-010
998911,-1.66422e-010
998912,-2.21078e-010
998913,-1.99694e-010
998914,-1.43689e-010
998915,-1.59069e-010
998916,-1.68995e-010
998917,-1.55025e-010
998918,-1.6826e-010
998919,-1.8027e-010
998920,-2.1973e-010
998921,-1.88297e-010
998922,-1.67402e-010
998923,-1.35601e-010
998924,-1.85968e-010
998925,-1.86826e-010
998926,-1.71875e-010
998927,-1.88174e-010
998928,-1.73223e-010
998929,-1.96262e-010
998930,-1.58946e-010
998931,-1.4951e-010
998932,-1.51348e-010
998933,-1.53431e-010
998934,-1.83088e-010
998935,-1.52941e-010
998936,-1.94056e-010
998937,-1.53922e-010
998938,-1.8223e-010
998939,-1.80576e-010
998940,-1.62561e-010
998941,-1.72365e-010
998942,-1.48039e-010
998943,-1.52206e-010
998944,-1.65625e-010
998945,-1.74939e-010
998946,-1.32353e-010
998947,-1.29657e-010
998948,-1.39461e-010
998949,-1.77267e-010
998950,-1.52696e-010
998951,-1.68873e-010
998952,-2.0674e-010
998953,-1.64951e-010
998954,-8.88481e-011
998955,-1.91851e-010
998956,-1.46998e-010
998957,-1.58456e-010
998958,-1.83578e-010
998959,-1.90074e-010
998960,-1.95404e-010
998961,-1.76471e-010
998962,-1.94485e-010
998963,-1.8174e-010
998964,-1.64951e-010
998965,-1.9614e-010
998966,-1.63052e-010
998967,-1.86949e-010
998968,-1.62132e-010
998969,-1.91544e-010
998970,-1.59069e-010
998971,-1.21017e-010
998972,-1.51654e-010
998973,-2.02635e-010
998974,-1.82537e-010
998975,-1.95772e-010
998976,-2.02328e-010
998977,-1.6826e-010
998978,-1.87745e-010
998979,-1.68321e-010
998980,-1.77328e-010
998981,-1.62745e-010
998982,-1.66667e-010
998983,-8.87868e-011
998984,-1.86949e-010
998985,-1.26838e-010
998986,-2.07598e-010
998987,-1.44608e-010
998988,-1.52022e-010
998989,-2.13174e-010
998990,-1.80637e-010
998991,-1.39154e-010
998992,-1.95527e-010
998993,-1.4902e-010
998994,-1.51471e-010
998995,-1.644e-010
998996,-1.25735e-010
998997,-1.55392e-010
998998,-1.59988e-010
998999,-1.87439e-010
999000,-1.77512e-010
999001,-1.52512e-010
999002,-1.4565e-010
999003,-2.04596e-010
999004,-1.82047e-010
999005,-1.59375e-010
999006,-1.91544e-010
999007,-1.50858e-010
999008,-1.52574e-010
999009,-2.14461e-010
999010,-1.7212e-010
999011,-1.33701e-010
999012,-1.46262e-010
999013,-1.64767e-010
999014,-1.3125e-010
999015,-1.6011e-010
999016,-1.60601e-010
999017,-1.54044e-010
999018,-1.98897e-010
999019,-1.82169e-010
999020,-1.72427e-010
999021,-1.64338e-010
999022,-1.62071e-010
999023,-1.78309e-010
999024,-1.72059e-010
999025,-1.79228e-010
999026,-2.0239e-010
999027,-2.13358e-010
999028,-1.68444e-010
999029,-1.70098e-010
999030,-1.40074e-010
999031,-1.96814e-010
999032,-1.89951e-010
999033,-1.79841e-010
999034,-1.82047e-010
999035,-1.51409e-010
999036,-8.84192e-011
999037,-1.91851e-010
999038,-1.77451e-010
999039,-1.2788e-010
999040,-1.24142e-010
999041,-1.72181e-010
999042,-1.79963e-010
999043,-1.42525e-010
999044,-1.57721e-010
999045,-1.5239e-010
999046,-1.644e-010
999047,-1.68076e-010
999048,-1.38848e-010
999049,-1.86397e-010
999050,-1.96385e-010
999051,-1.39706e-010
999052,-1.5098e-010
999053,-1.73652e-010
999054,-1.94547e-010
999055,-1.81863e-010
999056,-1.54657e-010
999057,-1.70466e-010
999058,-1.50613e-010
999059,-1.26409e-010
999060,-1.59253e-010
999061,-1.71078e-010
999062,-1.73223e-010
999063,-2.1011e-010
999064,-1.46936e-010
999065,-1.81556e-010
999066,-1.67096e-010
999067,-1.84498e-010
999068,-2.21078e-010
999069,-1.5239e-010
999070,-1.47304e-010
999071,-1.79289e-010
999072,-2.05147e-010
999073,-1.78922e-010
999074,-1.51838e-010
999075,-1.61949e-010
999076,-1.52757e-010
999077,-1.80637e-010
999078,-1.97794e-010
999079,-1.91544e-010
999080,-1.65809e-010
999081,-1.69547e-010
999082,-2.04596e-010
999083,-1.60233e-010
999084,-1.69914e-010
999085,-1.83578e-010
999086,-1.33824e-010
999087,-1.79963e-010
999088,-1.72917e-010
999089,-1.6924e-010
999090,-1.89093e-010
999091,-1.37929e-010
999092,-1.56311e-010
999093,-1.71569e-010
999094,-1.97304e-010
999095,-1.81005e-010
999096,-2.04963e-010
999097,-1.5576e-010
999098,-1.88542e-010
999099,-1.63358e-010
999100,-1.53799e-010
999101,-1.81128e-010
999102,-2.00613e-010
999103,-1.74878e-010
999104,-1.77512e-010
999105,-1.60049e-010
999106,-1.6587e-010
999107,-1.82292e-010
999108,-1.68934e-010
999109,-1.70956e-010
999110,-1.72304e-010
999111,-1.55331e-010
999112,-1.87071e-010
999113,-1.76409e-010
999114,-1.59314e-010
999115,-1.39645e-010
999116,-1.625e-010
999117,-1.75613e-010
999118,-1.46262e-010
999119,-1.39032e-010
999120,-1.70588e-010
999121,-1.70098e-010
999122,-2.07414e-010
999123,-1.51042e-010
999124,-1.65257e-010
999125,-1.44179e-010
999126,-1.97304e-010
999127,-1.43015e-010
999128,-1.74632e-010
999129,-1.56005e-010
999130,-2.29351e-010
999131,-1.56128e-010
999132,-1.83456e-010
999133,-1.34865e-010
999134,-1.79596e-010
999135,-1.91667e-010
999136,-2.66851e-010
999137,-1.67402e-010
999138,-1.52941e-010
999139,-1.46017e-010
999140,-1.87071e-010
999141,-2.18566e-010
999142,-1.85662e-010
999143,-1.74142e-010
999144,-1.54044e-010
999145,-1.8315e-010
999146,-1.26348e-010
999147,-2.00674e-010
999148,-1.63726e-010
999149,-1.04412e-010
999150,-1.58333e-010
999151,-1.58333e-010
999152,-1.26471e-010
999153,-2.06618e-010
999154,-1.81495e-010
999155,-1.69669e-010
999156,-1.82414e-010
999157,-2.02819e-010
999158,-1.68566e-010
999159,-1.89216e-010
999160,-2.03064e-010
999161,-1.71385e-010
999162,-1.4902e-010
999163,-1.74449e-010
999164,-1.36826e-010
999165,-1.96017e-010
999166,-1.93689e-010
999167,-1.78922e-010
999168,-1.69179e-010
999169,-1.46691e-010
999170,-1.66544e-010
999171,-1.84498e-010
999172,-1.59314e-010
999173,-1.49265e-010
999174,-1.56434e-010
999175,-1.72733e-010
999176,-1.71691e-010
999177,-1.56128e-010
999178,-1.74571e-010
999179,-1.84069e-010
999180,-1.82108e-010
999181,-1.59743e-010
999182,-1.49326e-010
999183,-1.51777e-010
999184,-1.57353e-010
999185,-1.4326e-010
999186,-1.71262e-010
999187,-1.44056e-010
999188,-1.49816e-010
999189,-2.00306e-010
999190,-1.67525e-010
999191,-1.63542e-010
999192,-1.50613e-010
999193,-1.61949e-010
999194,-2.0288e-010
999195,-1.77145e-010
999196,-1.85968e-010
999197,-1.55637e-010
999198,-1.79718e-010
999199,-1.64645e-010
999200,-2.23529e-010
999201,-1.51042e-010
999202,-1.70221e-010
999203,-1.48713e-010
999204,-1.95833e-010
999205,-1.79841e-010
999206,-1.89645e-010
999207,-2.36336e-010
999208,-1.77757e-010
999209,-1.66912e-010
999210,-1.70588e-010
999211,-1.89032e-010
999212,-2.12316e-010
999213,-2.01777e-010
999214,-1.61581e-010
999215,-1.39645e-010
999216,-1.92402e-010
999217,-2.00061e-010
999218,-1.66851e-010
999219,-1.98346e-010
999220,-1.77941e-010
999221,-1.48529e-010
999222,-1.9951e-010
999223,-2.125e-010
999224,-1.91422e-010
999225,-1.77574e-010
999226,-1.58333e-010
999227,-1.41851e-010
999228,-1.95956e-010
999229,-1.21507e-010
999230,-1.60723e-010
999231,-1.72733e-010
999232,-1.32721e-010
999233,-1.3652e-010
999234,-1.85723e-010
999235,-1.4951e-010
999236,-1.37684e-010
999237,-1.39338e-010
999238,-1.67402e-010
999239,-1.85049e-010
999240,-1.75184e-010
999241,-1.48591e-010
999242,-1.7788e-010
999243,-1.52451e-010
999244,-1.59804e-010
999245,-1.29412e-010
999246,-1.894e-010
999247,-1.78493e-010
999248,-1.92402e-010
999249,-1.53738e-010
999250,-2.16299e-010
999251,-1.51042e-010
999252,-1.76654e-010
999253,-2.20159e-010
999254,-1.58211e-010
999255,-1.40809e-010
999256,-1.19608e-010
999257,-1.88971e-010
999258,-1.91912e-010
999259,-1.77328e-010
999260,-1.67034e-010
999261,-1.37316e-010
999262,-1.79596e-010
999263,-1.9565e-010
999264,-1.53738e-010
999265,-1.61949e-010
999266,-1.82108e-010
999267,-1.66605e-010
999268,-2.32108e-010
999269,-2.11275e-010
999270,-1.90074e-010
999271,-1.08395e-010
999272,-1.91299e-010
999273,-2.03431e-010
999274,-1.81005e-010
999275,-2.02145e-010
999276,-2.09375e-010
999277,-1.71998e-010
999278,-1.48223e-010
999279,-1.66973e-010
999280,-2.00306e-010
999281,-1.85846e-010
999282,-2.15564e-010
999283,-1.30699e-010
999284,-1.55025e-010
999285,-1.71753e-010
999286,-1.78799e-010
999287,-1.5098e-010
999288,-1.36458e-010
999289,-1.56066e-010
999290,-1.63664e-010
999291,-1.34681e-010
999292,-1.55699e-010
999293,-1.5815e-010
999294,-1.58578e-010
999295,-1.50613e-010
999296,-1.89338e-010
999297,-1.83578e-010
999298,-1.56924e-010
999299,-1.64277e-010
999300,-1.54412e-010
999301,-1.66115e-010
999302,-1.27941e-010
999303,-1.39583e-010
999304,-2.08088e-010
999305,-1.71201e-010
999306,-1.7261e-010
999307,-1.77145e-010
999308,-1.26164e-010
999309,-1.66728e-010
999310,-1.71201e-010
999311,-1.57292e-010
999312,-1.28677e-010
999313,-1.6875e-010
999314,-1.93689e-010
999315,-1.8315e-010
999316,-1.79228e-010
999317,-1.66605e-010
999318,-1.48101e-010
999319,-1.62439e-010
999320,-1.78493e-010
999321,-1.80515e-010
999322,-1.99878e-010
999323,-1.78309e-010
999324,-1.21569e-010
999325,-1.83088e-010
999326,-1.6011e-010
999327,-1.96936e-010
999328,-1.64522e-010
999329,-1.80086e-010
999330,-1.65686e-010
999331,-1.74816e-010
999332,-1.60601e-010
999333,-1.61765e-010
999334,-1.56066e-010
999335,-1.63787e-010
999336,-1.90074e-010
999337,-1.37684e-010
999338,-1.83088e-010
999339,-1.64032e-010
999340,-1.75552e-010
999341,-1.56863e-010
999342,-1.68444e-010
999343,-1.49571e-010
999344,-1.96814e-010
999345,-2.15012e-010
999346,-1.5576e-010
999347,-1.65074e-010
999348,-2.4761e-010
999349,-2.33885e-010
999350,-1.76838e-010
999351,-1.67647e-010
999352,-1.68995e-010
999353,-1.56556e-010
999354,-1.9087e-010
999355,-2.04779e-010
999356,-1.99265e-010
999357,-1.81311e-010
999358,-1.53677e-010
999359,-1.76838e-010
999360,-1.54228e-010
999361,-1.59375e-010
999362,-2.00552e-010
999363,-1.69302e-010
999364,-1.55086e-010
999365,-2.0962e-010
999366,-1.66299e-010
999367,-1.8413e-010
999368,-1.83946e-010
999369,-1.92341e-010
999370,-2.12194e-010
999371,-1.41422e-010
999372,-1.74449e-010
999373,-1.95527e-010
999374,-1.9951e-010
999375,-1.38113e-010
999376,-1.64461e-010
999377,-1.99081e-010
999378,-1.40074e-010
999379,-1.69608e-010
999380,-1.97549e-010
999381,-1.67708e-010
999382,-1.9038e-010
999383,-1.71201e-010
999384,-1.8511e-010
999385,-2.34988e-010
999386,-1.68934e-010
999387,-2.05821e-010
999388,-1.78309e-010
999389,-1.54105e-010
999390,-1.67586e-010
999391,-1.67953e-010
999392,-1.38419e-010
999393,-1.33395e-010
999394,-1.96507e-010
999395,-1.72488e-010
999396,-2.34681e-010
999397,-1.58027e-010
999398,-1.77757e-010
999399,-1.50306e-010
999400,-1.50797e-010
999401,-1.84314e-010
999402,-1.84743e-010
999403,-1.93995e-010
999404,-1.76348e-010
999405,-1.76103e-010
999406,-1.43444e-010
999407,-1.78615e-010
999408,-2.10723e-010
999409,-2.10172e-010
999410,-1.39338e-010
999411,-1.63113e-010
999412,-1.4761e-010
999413,-2.11826e-010
999414,-1.87806e-010
999415,-1.82659e-010
999416,-2.55208e-010
999417,-1.64828e-010
999418,-1.53554e-010
999419,-1.8848e-010
999420,-1.90319e-010
999421,-1.93382e-010
999422,-1.55086e-010
999423,-1.7451e-010
999424,-1.93199e-010
999425,-1.394e-010
999426,-1.73897e-010
999427,-1.88419e-010
999428,-1.52083e-010
999429,-1.4375e-010
999430,-1.34927e-010
999431,-1.55025e-010
999432,-1.55025e-010
999433,-1.5625e-010
999434,-1.93995e-010
999435,-1.54473e-010
999436,-1.80086e-010
999437,-1.70772e-010
999438,-1.65809e-010
999439,-1.47243e-010
999440,-2.07108e-010
999441,-1.72243e-010
999442,-1.78983e-010
999443,-2.48652e-010
999444,-1.92341e-010
999445,-1.9277e-010
999446,-1.9902e-010
999447,-1.69853e-010
999448,-1.91483e-010
999449,-1.87868e-010
999450,-1.74326e-010
999451,-1.62316e-010
999452,-1.43321e-010
999453,-1.78003e-010
999454,-1.98591e-010
999455,-2.26042e-010
999456,-1.58946e-010
999457,-1.54105e-010
999458,-1.875e-010
999459,-1.5288e-010
999460,-1.97488e-010
999461,-1.81495e-010
999462,-1.68566e-010
999463,-1.41973e-010
999464,-1.70895e-010
999465,-1.46569e-010
999466,-1.34804e-010
999467,-1.50306e-010
999468,-1.27941e-010
999469,-1.58088e-010
999470,-1.66422e-010
999471,-1.48836e-010
999472,-1.8076e-010
999473,-1.35784e-010
999474,-1.5674e-010
999475,-1.84436e-010
999476,-1.92402e-010
999477,-1.74755e-010
999478,-1.80699e-010
999479,-1.22243e-010
999480,-1.7065e-010
999481,-1.57108e-010
999482,-1.82414e-010
999483,-1.88971e-010
999484,-1.89828e-010
999485,-1.64032e-010
999486,-1.78554e-010
999487,-1.76042e-010
999488,-1.69302e-010
999489,-1.60784e-010
999490,-1.79902e-010
999491,-1.84559e-010
999492,-1.67157e-010
999493,-1.64522e-010
999494,-1.68321e-010
999495,-1.44363e-010
999496,-1.71753e-010
999497,-1.75552e-010
999498,-1.29596e-010
999499,-1.394e-010
999500,-1.01471e-010
999501,-1.86029e-010
999502,-2.02696e-010
999503,-1.73039e-010
999504,-1.50061e-010
999505,-1.74326e-010
999506,-2.24939e-010
999507,-1.53922e-010
999508,-1.3413e-010
999509,-1.36581e-010
999510,-2.24878e-010
999511,-1.40625e-010
999512,-1.93444e-010
999513,-1.72549e-010
999514,-1.31802e-010
999515,-1.6826e-010
999516,-1.56863e-010
999517,-1.91667e-010
999518,-1.52083e-010
999519,-1.8511e-010
999520,-2.02512e-010
999521,-1.51838e-010
999522,-1.39828e-010
999523,-1.45772e-010
999524,-1.60539e-010
999525,-1.98897e-010
999526,-1.51226e-010
999527,-1.53493e-010
999528,-1.80147e-010
999529,-1.43444e-010
999530,-1.96875e-010
999531,-1.91115e-010
999532,-1.88664e-010
999533,-1.72304e-010
999534,-1.64767e-010
999535,-1.69853e-010
999536,-2.0913e-010
999537,-1.6348e-010
999538,-1.74203e-010
999539,-1.35539e-010
999540,-1.80882e-010
999541,-1.79779e-010
999542,-1.94485e-010
999543,-1.63909e-010
999544,-1.65135e-010
999545,-1.86397e-010
999546,-1.90074e-010
999547,-1.48529e-010
999548,-1.51716e-010
999549,-1.36887e-010
999550,-1.4761e-010
999551,-1.90319e-010
999552,-1.75e-010
999553,-2.21078e-010
999554,-1.59865e-010
999555,-1.5337e-010
999556,-1.26287e-010
999557,-1.2739e-010
999558,-1.92953e-010
999559,-1.67402e-010
999560,-1.84743e-010
999561,-1.92341e-010
999562,-1.46017e-010
999563,-1.85846e-010
999564,-1.76961e-010
999565,-1.79044e-010
999566,-1.66422e-010
999567,-1.86887e-010
999568,-1.9424e-010
999569,-1.79167e-010
999570,-1.80821e-010
999571,-1.97243e-010
999572,-1.42647e-010
999573,-1.91299e-010
999574,-1.84681e-010
999575,-1.88603e-010
999576,-2.16422e-010
999577,-1.67279e-010
999578,-1.59865e-010
999579,-2.11275e-010
999580,-1.33456e-010
999581,-1.9326e-010
999582,-1.769e-010
999583,-1.8652e-010
999584,-1.61397e-010
999585,-2.04841e-010
999586,-1.91912e-010
999587,-2.19853e-010
999588,-2.20588e-010
999589,-2.07047e-010
999590,-1.59681e-010
999591,-1.55637e-010
999592,-1.89583e-010
999593,-1.92892e-010
999594,-1.69485e-010
999595,-1.52451e-010
999596,-1.77451e-010
999597,-1.81373e-010
999598,-1.73284e-010
999599,-1.63603e-010
999600,-1.52635e-010
999601,-1.23162e-010
999602,-1.45221e-010
999603,-1.16238e-010
999604,-1.81189e-010
999605,-1.82169e-010
999606,-1.12194e-010
999607,-1.61703e-010
999608,-1.67892e-010
999609,-1.36091e-010
999610,-1.63603e-010
999611,-1.875e-010
999612,-1.75613e-010
999613,-1.96078e-010
999614,-2.07537e-010
999615,-1.40012e-010
999616,-1.48039e-010
999617,-1.75e-010
999618,-1.91238e-010
999619,-1.96078e-010
999620,-1.52757e-010
999621,-1.80331e-010
999622,-1.9038e-010
999623,-1.83088e-010
999624,-1.70527e-010
999625,-1.60478e-010
999626,-1.79779e-010
999627,-1.88113e-010
999628,-1.90993e-010
999629,-1.60417e-010
999630,-1.77083e-010
999631,-1.56066e-010
999632,-1.59253e-010
999633,-1.47733e-010
999634,-2.12439e-010
999635,-1.87132e-010
999636,-1.81128e-010
999637,-1.86826e-010
999638,-1.65809e-010
999639,-1.46936e-010
999640,-1.53064e-010
999641,-1.61642e-010
999642,-1.64032e-010
999643,-1.45895e-010
999644,-1.84314e-010
999645,-1.79289e-010
999646,-1.41667e-010
999647,-1.48652e-010
999648,-1.51593e-010
999649,-1.43811e-010
999650,-1.6924e-010
999651,-1.43995e-010
999652,-1.86703e-010
999653,-1.67218e-010
999654,-1.28738e-010
999655,-1.63848e-010
999656,-1.63726e-010
999657,-1.11887e-010
999658,-1.67279e-010
999659,-1.4902e-010
999660,-1.519e-010
999661,-1.49203e-010
999662,-1.84314e-010
999663,-1.39583e-010
999664,-1.37194e-010
999665,-1.89767e-010
999666,-1.74632e-010
999667,-1.98223e-010
999668,-1.70037e-010
999669,-1.93934e-010
999670,-1.59988e-010
999671,-2.3364e-010
999672,-1.48897e-010
999673,-1.63909e-010
999674,-1.72427e-010
999675,-1.67341e-010
999676,-1.65809e-010
999677,-1.84988e-010
999678,-1.32966e-010
999679,-1.88787e-010
999680,-1.63174e-010
999681,-1.67096e-010
999682,-1.76838e-010
999683,-2.12561e-010
999684,-1.57292e-010
999685,-1.98468e-010
999686,-2.04841e-010
999687,-1.98652e-010
999688,-1.71262e-010
999689,-1.14154e-010
999690,-1.66115e-010
999691,-1.74326e-010
999692,-1.85355e-010
999693,-1.45833e-010
999694,-1.87561e-010
999695,-1.94853e-010
999696,-1.93566e-010
999697,-1.61765e-010
999698,-1.25735e-010
999699,-1.4375e-010
999700,-1.8799e-010
999701,-2.24387e-010
999702,-1.89154e-010
999703,-1.59743e-010
999704,-2.05453e-010
999705,-1.48591e-010
999706,-1.68076e-010
999707,-1.42034e-010
999708,-1.64522e-010
999709,-1.79105e-010
999710,-2.01838e-010
999711,-1.7598e-010
999712,-1.82843e-010
999713,-1.68628e-010
999714,-2.03983e-010
999715,-1.79044e-010
999716,-1.21446e-010
999717,-1.81679e-010
999718,-1.40074e-010
999719,-1.64461e-010
999720,-1.38297e-010
999721,-1.87745e-010
999722,-1.78493e-010
999723,-1.41728e-010
999724,-1.05944e-010
999725,-1.74816e-010
999726,-1.58395e-010
999727,-1.82292e-010
999728,-1.39522e-010
999729,-1.5527e-010
999730,-1.29351e-010
999731,-1.44056e-010
999732,-1.5723e-010
999733,-1.31311e-010
999734,-1.53799e-010
999735,-2.04657e-010
999736,-1.48775e-010
999737,-1.85233e-010
999738,-1.78554e-010
999739,-1.71017e-010
999740,-1.62132e-010
999741,-1.7549e-010
999742,-1.99265e-010
999743,-1.45588e-010
999744,-1.73101e-010
999745,-1.49878e-010
999746,-1.69056e-010
999747,-1.46998e-010
999748,-1.57904e-010
999749,-1.6348e-010
999750,-1.63603e-010
999751,-1.55147e-010
999752,-1.6489e-010
999753,-1.63664e-010
999754,-1.94669e-010
999755,-1.59191e-010
999756,-1.31924e-010
999757,-1.29289e-010
999758,-1.74387e-010
999759,-1.19424e-010
999760,-1.29534e-010
999761,-1.48713e-010
999762,-1.67831e-010
999763,-1.97243e-010
999764,-1.34069e-010
999765,-2.00061e-010
999766,-1.96569e-010
999767,-1.37868e-010
999768,-1.55944e-010
999769,-1.42096e-010
999770,-1.62378e-010
999771,-1.88726e-010
999772,-1.4565e-010
999773,-1.27941e-010
999774,-1.81434e-010
999775,-1.23958e-010
999776,-1.56495e-010
999777,-1.56985e-010
999778,-1.16544e-010
999779,-1.88603e-010
999780,-2.17463e-010
999781,-1.41054e-010
999782,-1.44424e-010
999783,-1.48529e-010
999784,-1.43076e-010
999785,-1.73223e-010
999786,-1.35907e-010
999787,-1.16238e-010
999788,-1.22978e-010
999789,-1.88848e-010
999790,-1.87378e-010
999791,-1.91422e-010
999792,-1.94485e-010
999793,-1.65503e-010
999794,-1.26532e-010
999795,-1.80025e-010
999796,-1.48591e-010
999797,-9.05025e-011
999798,-1.84314e-010
999799,-1.76593e-010
999800,-1.33517e-010
999801,-1.67831e-010
999802,-1.76532e-010
999803,-1.54779e-010
999804,-1.82169e-010
999805,-1.74939e-010
999806,-1.67402e-010
999807,-1.38297e-010
999808,-1.7261e-010
999809,-1.50797e-010
999810,-1.36703e-010
999811,-1.95159e-010
999812,-2.28309e-010
999813,-1.57537e-010
999814,-1.55882e-010
999815,-1.54963e-010
999816,-1.36826e-010
999817,-2.07414e-010
999818,-1.74816e-010
999819,-1.73652e-010
999820,-2.24939e-010
999821,-1.59559e-010
999822,-1.85417e-010
999823,-1.49449e-010
999824,-1.55637e-010
999825,-1.51838e-010
999826,-1.76409e-010
999827,-1.44976e-010
999828,-1.72365e-010
999829,-2.04963e-010
999830,-1.35172e-010
999831,-1.73284e-010
999832,-1.77328e-010
999833,-1.69485e-010
999834,-1.80453e-010
999835,-1.73529e-010
999836,-1.63848e-010
999837,-1.6587e-010
999838,-1.26348e-010
999839,-1.64093e-010
999840,-1.62194e-010
999841,-1.45833e-010
999842,-2.06128e-010
999843,-1.58578e-010
999844,-1.3989e-010
999845,-1.38603e-010
999846,-1.71998e-010
999847,-1.72059e-010
999848,-1.95588e-010
999849,-1.40257e-010
999850,-1.34314e-010
999851,-1.53493e-010
999852,-1.83395e-010
999853,-1.43137e-010
999854,-1.75552e-010
999855,-1.50306e-010
999856,-1.68199e-010
999857,-1.71324e-010
999858,-1.6826e-010
999859,-2.26593e-010
999860,-1.40931e-010
999861,-1.63787e-010
999862,-2.03738e-010
999863,-1.8076e-010
999864,-1.56863e-010
999865,-1.76961e-010
999866,-1.45037e-010
999867,-1.65686e-010
999868,-1.79841e-010
999869,-1.58701e-010
999870,-1.60233e-010
999871,-1.90012e-010
999872,-1.36397e-010
999873,-1.31005e-010
999874,-1.68934e-010
999875,-1.96875e-010
999876,-1.50368e-010
999877,-1.84069e-010
999878,-1.57292e-010
999879,-1.56066e-010
999880,-1.46017e-010
999881,-1.74081e-010
999882,-1.73039e-010
999883,-1.67892e-010
999884,-1.58272e-010
999885,-1.4087e-010
999886,-1.42402e-010
999887,-1.33027e-010
999888,-1.58885e-010
999889,-2.05453e-010
999890,-1.58088e-010
999891,-1.87745e-010
999892,-1.71569e-010
999893,-1.70956e-010
999894,-1.84375e-010
999895,-1.80882e-010
999896,-1.50552e-010
999897,-1.61336e-010
999898,-1.50184e-010
999899,-1.79841e-010
999900,-1.59988e-010
999901,-1.71998e-010
999902,-1.35539e-010
999903,-1.24449e-010
999904,-2.09988e-010
999905,-1.48223e-010
999906,-1.45833e-010
999907,-1.60784e-010
999908,-1.42525e-010
999909,-1.51838e-010
999910,-1.1489e-010
999911,-1.67463e-010
999912,-1.6538e-010
999913,-1.7837e-010
999914,-1.81373e-010
999915,-1.70098e-010
999916,-1.77574e-010
999917,-1.37071e-010
999918,-1.71017e-010
999919,-1.68995e-010
999920,-1.98836e-010
999921,-1.42463e-010
999922,-1.91177e-010
999923,-3.0367e-009
999924,-9.38113e-011
999925,-9.4853e-011
999926,-1.95037e-010
999927,-1.73346e-010
999928,-1.42096e-010
999929,-1.65196e-010
999930,-1.47059e-010
999931,-1.29902e-010
999932,-1.69608e-010
999933,-1.52512e-010
999934,-1.56311e-010
999935,-1.61397e-010
999936,-1.44976e-010
999937,-1.62745e-010
999938,-1.44669e-010
999939,-1.77206e-010
999940,-1.33517e-010
999941,-1.47855e-010
999942,-1.59804e-010
999943,-1.82047e-010
999944,-1.98407e-010
999945,-1.43137e-010
999946,-1.58088e-010
999947,-2.0815e-010
999948,-1.63909e-010
999949,-1.75552e-010
999950,-1.75613e-010
999951,-2.18689e-010
999952,-1.90748e-010
999953,-1.68444e-010
999954,-1.14093e-010
999955,-1.66789e-010
999956,-1.7886e-010
999957,-1.87868e-010
999958,-1.66177e-010
999959,-1.08578e-010
999960,-1.81556e-010
999961,-1.77757e-010
999962,-1.6348e-010
999963,-1.06005e-010
999964,-1.71691e-010
999965,-1.70588e-010
999966,-1.77451e-010
999967,-1.50858e-010
999968,-1.40196e-010
999969,-1.35282e-009
999970,-1.81311e-010
999971,-1.75919e-010
999972,-1.96814e-010
999973,-1.72243e-010
999974,-1.74326e-010
999975,-1.66544e-010
999976,-1.24203e-010
999977,-1.65564e-010
999978,-1.78799e-010
999979,-1.53431e-010
999980,-1.49571e-010
999981,-1.7402e-010
999982,-1.8989e-010
999983,-1.46262e-010
999984,-1.54105e-010
999985,-1.40993e-010
999986,-1.375e-010
999987,-1.44547e-010
999988,-1.41851e-010
999989,-1.67953e-010
999990,-1.60294e-010
999991,-1.56373e-010
999992,-1.23101e-010
999993,-1.8174e-010
999994,-1.7739e-010
999995,-1.70833e-010
999996,-1.40748e-010
999997,-1.14032e-010
999998,-1.39338e-010
999999,-1.22855e-010
