LECROYWR104MXi,15731,Waveform
Segments,1,SegmentSize,1535
Segment,TrigTime,TimeSinceSegment1
#1,02-Dec-2012 09:21:09,0                 
Time,Ampl
998465,-1.76569e-010
998466,-1.07329e-010
998467,-8.42035e-011
998468,-1.57451e-010
998469,-1.91066e-010
998470,-2.19363e-010
998471,-1.19559e-010
998472,-1.89436e-010
998473,-1.41704e-010
998474,-1.74044e-010
998475,-1.48088e-010
998476,-1.37255e-010
998477,-1.31887e-010
998478,-1.6114e-010
998479,-1.88628e-010
998480,-1.64363e-010
998481,-1.81581e-010
998482,-1.71557e-010
998483,-1.66054e-010
998484,-1.39277e-010
998485,-1.42794e-010
998486,-1.75772e-010
998487,-1.84902e-010
998488,-2.04547e-010
998489,-1.51348e-010
998490,-1.42378e-010
998491,-1.79191e-010
998492,-1.54767e-010
998493,-1.2913e-010
998494,-2.03456e-010
998495,-1.76581e-010
998496,-1.34816e-010
998497,-1.66091e-010
998498,-2.05331e-010
998499,-1.7315e-010
998500,-1.70797e-010
998501,-1.62806e-010
998502,-1.47022e-010
998503,-1.41409e-010
998504,-1.88909e-010
998505,-1.53407e-010
998506,-1.45552e-010
998507,-1.57353e-010
998508,-1.9565e-010
998509,-1.46226e-010
998510,-2.06838e-010
998511,-1.52463e-010
998512,-1.28493e-010
998513,-1.04204e-010
998514,-1.67684e-010
998515,-1.35882e-010
998516,-1.619e-010
998517,-1.67427e-010
998518,-1.66287e-010
998519,-1.45588e-010
998520,-1.37843e-010
998521,-1.66667e-010
998522,-1.49608e-010
998523,-1.27157e-010
998524,-1.63885e-010
998525,-1.26985e-010
998526,-1.84498e-010
998527,-1.49596e-010
998528,-1.14436e-010
998529,-1.65637e-010
998530,-1.61961e-010
998531,-1.73591e-010
998532,-1.60123e-010
998533,-1.24277e-010
998534,-1.92341e-010
998535,-1.61814e-010
998536,-1.48346e-010
998537,-1.43272e-010
998538,-1.17586e-010
998539,-1.50723e-010
998540,-1.21789e-010
998541,-1.27929e-010
998542,-1.5614e-010
998543,-1.5864e-010
998544,-1.81826e-010
998545,-1.49167e-010
998546,-1.30086e-010
998547,-1.5788e-010
998548,-1.57451e-010
998549,-1.58873e-010
998550,-1.35858e-010
998551,-1.4739e-010
998552,-1.89792e-010
998553,-1.32892e-010
998554,-1.95245e-010
998555,-1.77169e-010
998556,-1.81544e-010
998557,-1.67194e-010
998558,-1.96753e-010
998559,-1.53309e-010
998560,-1.73787e-010
998561,-1.85123e-010
998562,-1.77341e-010
998563,-1.6924e-010
998564,-1.43064e-010
998565,-1.48946e-010
998566,-1.98579e-010
998567,-1.61422e-010
998568,-1.51924e-010
998569,-1.78775e-010
998570,-1.76569e-010
998571,-1.93762e-010
998572,-1.3636e-010
998573,-1.53787e-010
998574,-1.17034e-010
998575,-1.53628e-010
998576,-1.53848e-010
998577,-1.56998e-010
998578,-1.54167e-010
998579,-1.84204e-010
998580,-1.70601e-010
998581,-1.44289e-010
998582,-1.63983e-010
998583,-1.58689e-010
998584,-1.75331e-010
998585,-1.58333e-010
998586,-1.25576e-010
998587,-1.21495e-010
998588,-1.1875e-010
998589,-1.57549e-010
998590,-1.73897e-010
998591,-1.82108e-010
998592,-1.59865e-010
998593,-1.69204e-010
998594,-1.64191e-010
998595,-1.54865e-010
998596,-1.59473e-010
998597,-1.66299e-010
998598,-1.57341e-010
998599,-1.5375e-010
998600,-1.6451e-010
998601,-1.90625e-010
998602,-1.75049e-010
998603,-1.67414e-010
998604,-1.32206e-010
998605,-1.58321e-010
998606,-1.61005e-010
998607,-1.67378e-010
998608,-1.64314e-010
998609,-1.43039e-010
998610,-1.1674e-010
998611,-1.80392e-010
998612,-1.78983e-010
998613,-1.82561e-010
998614,-1.88517e-010
998615,-1.21495e-010
998616,-1.86164e-010
998617,-1.78934e-010
998618,-1.69277e-010
998619,-1.77157e-010
998620,-1.88738e-010
998621,-1.9799e-010
998622,-1.90392e-010
998623,-1.39093e-010
998624,-1.79767e-010
998625,-1.67721e-010
998626,-2.0989e-010
998627,-1.82623e-010
998628,-2.07133e-010
998629,-1.93799e-010
998630,-2.03958e-010
998631,-1.67451e-010
998632,-1.7924e-010
998633,-1.64179e-010
998634,-1.43713e-010
998635,-1.95233e-010
998636,-1.91226e-010
998637,-1.25576e-010
998638,-1.47598e-010
998639,-1.73983e-010
998640,-1.52819e-010
998641,-1.50392e-010
998642,-1.73481e-010
998643,-1.65478e-010
998644,-1.65833e-010
998645,-1.20098e-010
998646,-1.82794e-010
998647,-1.61054e-010
998648,-1.35821e-010
998649,-9.86153e-011
998650,-1.52083e-010
998651,-1.71409e-010
998652,-1.7799e-010
998653,-1.47071e-010
998654,-1.73958e-010
998655,-1.73677e-010
998656,-1.92807e-010
998657,-1.64547e-010
998658,-1.51667e-010
998659,-1.55784e-010
998660,-1.74081e-010
998661,-1.64914e-010
998662,-1.45552e-010
998663,-2.075e-010
998664,-1.67463e-010
998665,-2.00699e-010
998666,-1.31177e-010
998667,-1.68664e-010
998668,-1.93983e-010
998669,-1.64608e-010
998670,-1.72329e-010
998671,-1.60331e-010
998672,-1.54976e-010
998673,-1.9315e-010
998674,-1.66128e-010
998675,-1.73787e-010
998676,-1.70919e-010
998677,-1.75356e-010
998678,-1.63995e-010
998679,-1.73787e-010
998680,-1.7065e-010
998681,-1.93505e-010
998682,-2.03015e-010
998683,-1.94216e-010
998684,-1.51642e-010
998685,-2.09767e-010
998686,-1.71851e-010
998687,-1.92807e-010
998688,-1.64204e-010
998689,-1.45588e-010
998690,-1.5277e-010
998691,-1.51103e-010
998692,-1.46324e-010
998693,-1.63995e-010
998694,-1.51495e-010
998695,-1.52733e-010
998696,-1.2e-010
998697,-1.57954e-010
998698,-1.06593e-010
998699,-1.92047e-010
998700,-1.85294e-010
998701,-1.67145e-010
998702,-1.81655e-010
998703,-1.52745e-010
998704,-1.43333e-010
998705,-1.28297e-010
998706,-1.6576e-010
998707,-1.16544e-010
998708,-1.66103e-010
998709,-1.86054e-010
998710,-1.62096e-010
998711,-1.64314e-010
998712,-1.40343e-010
998713,-1.30772e-010
998714,-1.67304e-010
998715,-1.41054e-010
998716,-2.14682e-010
998717,-1.30956e-010
998718,-1.21936e-010
998719,-2.03297e-010
998720,-1.48775e-010
998721,-1.58628e-010
998722,-1.57917e-010
998723,-1.68726e-010
998724,-1.89645e-010
998725,-1.64534e-010
998726,-1.81875e-010
998727,-1.73088e-010
998728,-1.79424e-010
998729,-2.01691e-010
998730,-1.62868e-010
998731,-1.42537e-010
998732,-1.92059e-010
998733,-1.39559e-010
998734,-1.79853e-010
998735,-1.79265e-010
998736,-1.40993e-010
998737,-1.4636e-010
998738,-1.50049e-010
998739,-1.55662e-010
998740,-1.66103e-010
998741,-1.76961e-010
998742,-1.87905e-010
998743,-1.24265e-010
998744,-1.44902e-010
998745,-1.48701e-010
998746,-1.75343e-010
998747,-1.71838e-010
998748,-1.65233e-010
998749,-1.46826e-010
998750,-1.67721e-010
998751,-1.52954e-010
998752,-1.26091e-010
998753,-1.46593e-010
998754,-1.76238e-010
998755,-1.48125e-010
998756,-1.25797e-010
998757,-1.75833e-010
998758,-1.60135e-010
998759,-1.74265e-010
998760,-1.95956e-010
998761,-1.6451e-010
998762,-1.43297e-010
998763,-1.86838e-010
998764,-1.74767e-010
998765,-1.34007e-010
998766,-1.01262e-010
998767,-1.70919e-010
998768,-1.43689e-010
998769,-1.60147e-010
998770,-2.20417e-010
998771,-1.89718e-010
998772,-1.83101e-010
998773,-1.32365e-010
998774,-2.10098e-010
998775,-1.37892e-010
998776,-1.58248e-010
998777,-1.69743e-010
998778,-1.42684e-010
998779,-1.7989e-010
998780,-1.72353e-010
998781,-1.60368e-010
998782,-1.58922e-010
998783,-1.37831e-010
998784,-1.58137e-010
998785,-1.50907e-010
998786,-1.5489e-010
998787,-1.52978e-010
998788,-1.23701e-010
998789,-1.63615e-010
998790,-1.44167e-010
998791,-1.50601e-010
998792,-1.92941e-010
998793,-1.62659e-010
998794,-1.66691e-010
998795,-1.37047e-010
998796,-1.83922e-010
998797,-2.02427e-010
998798,-1.77022e-010
998799,-1.61299e-010
998800,-1.25527e-010
998801,-1.569e-010
998802,-1.60723e-010
998803,-1.45772e-010
998804,-1.60858e-010
998805,-1.55098e-010
998806,-1.74976e-010
998807,-1.60723e-010
998808,-1.07537e-010
998809,-1.77145e-010
998810,-1.63015e-010
998811,-1.58174e-010
998812,-1.65208e-010
998813,-1.66875e-010
998814,-1.27733e-010
998815,-1.37304e-010
998816,-1.16299e-010
998817,-1.27034e-010
998818,-1.66863e-010
998819,-1.70637e-010
998820,-1.69988e-010
998821,-1.46814e-010
998822,-1.21814e-010
998823,-1.58958e-010
998824,-1.6413e-010
998825,-1.39498e-010
998826,-1.94706e-010
998827,-1.91838e-010
998828,-1.33052e-010
998829,-1.67304e-010
998830,-1.19804e-010
998831,-1.49669e-010
998832,-2.00196e-010
998833,-1.56728e-010
998834,-1.72096e-010
998835,-1.68664e-010
998836,-1.8462e-010
998837,-1.31446e-010
998838,-1.76385e-010
998839,-1.70895e-010
998840,-1.67304e-010
998841,-1.07414e-010
998842,-1.38088e-010
998843,-1.66079e-010
998844,-1.52537e-010
998845,-1.63358e-010
998846,-1.56949e-010
998847,-1.16336e-010
998848,-1.46569e-010
998849,-1.43762e-010
998850,-1.63762e-010
998851,-1.54044e-010
998852,-1.21655e-010
998853,-1.74632e-010
998854,-1.42157e-010
998855,-1.38248e-010
998856,-1.72096e-010
998857,-1.74387e-010
998858,-1.68088e-010
998859,-1.11079e-010
998860,-1.42414e-010
998861,-1.7478e-010
998862,-1.62414e-010
998863,-1.7027e-010
998864,-1.58664e-010
998865,-1.46826e-010
998866,-1.43162e-010
998867,-1.56042e-010
998868,-1.69718e-010
998869,-1.77304e-010
998870,-1.69118e-010
998871,-1.39485e-010
998872,-1.77892e-010
998873,-2.27378e-010
998874,-1.76458e-010
998875,-1.37635e-010
998876,-1.38076e-010
998877,-1.31655e-010
998878,-1.3549e-010
998879,-1.27954e-010
998880,-1.74583e-010
998881,-1.4038e-010
998882,-2.06385e-010
998883,-1.45503e-010
998884,-1.90674e-010
998885,-1.65821e-010
998886,-1.48615e-010
998887,-1.62365e-010
998888,-1.56998e-010
998889,-1.57231e-010
998890,-1.81262e-010
998891,-1.4962e-010
998892,-1.71409e-010
998893,-1.56054e-010
998894,-1.38628e-010
998895,-1.79755e-010
998896,-1.56262e-010
998897,-1.29755e-010
998898,-1.4864e-010
998899,-1.4587e-010
998900,-1.67034e-010
998901,-1.90797e-010
998902,-2.04816e-010
998903,-1.45074e-010
998904,-2.08603e-010
998905,-1.14878e-010
998906,-1.64473e-010
998907,-1.23995e-010
998908,-1.8125e-010
998909,-1.744e-010
998910,-1.44792e-010
998911,-1.64167e-010
998912,-1.43775e-010
998913,-1.57316e-010
998914,-1.76262e-010
998915,-1.45306e-010
998916,-1.39767e-010
998917,-1.25944e-010
998918,-1.61471e-010
998919,-1.72659e-010
998920,-1.13248e-010
998921,-1.31679e-010
998922,-1.55625e-010
998923,-1.70417e-010
998924,-1.20025e-010
998925,-1.16753e-010
998926,-1.34142e-010
998927,-8.10295e-011
998928,-1.71532e-010
998929,-1.29657e-010
998930,-1.97231e-010
998931,-1.71397e-010
998932,-1.09534e-010
998933,-1.58579e-010
998934,-1.33346e-010
998935,-8.77574e-011
998936,-1.62635e-010
998937,-1.40784e-010
998938,-1.24767e-010
998939,-1.31446e-010
998940,-1.55159e-010
998941,-1.24142e-010
998942,-1.70294e-010
998943,-1.92917e-010
998944,-1.72145e-010
998945,-1.9489e-010
998946,-1.77929e-010
998947,-1.53076e-010
998948,-1.78713e-010
998949,-1.64927e-010
998950,-1.78603e-010
998951,-1.80405e-010
998952,-1.69534e-010
998953,-1.72549e-010
998954,-1.45282e-010
998955,-1.48652e-010
998956,-1.64179e-010
998957,-1.64277e-010
998958,-1.73358e-010
998959,-1.65221e-010
998960,-1.91802e-010
998961,-1.87488e-010
998962,-2.00123e-010
998963,-1.37966e-010
998964,-7.03555e-011
998965,-1.48272e-010
998966,-1.70846e-010
998967,-1.76262e-010
998968,-1.94583e-010
998969,-1.55331e-010
998970,-1.74057e-010
998971,-1.49608e-010
998972,-1.80576e-010
998973,-1.14645e-010
998974,-1.48321e-010
998975,-1.47672e-010
998976,-1.49118e-010
998977,-1.85895e-010
998978,-1.63174e-010
998979,-1.20086e-010
998980,-1.39363e-010
998981,-1.5174e-010
998982,-1.26348e-010
998983,-1.84351e-010
998984,-1.60637e-010
998985,-1.76409e-010
998986,-1.70699e-010
998987,-1.33811e-010
998988,-1.58358e-010
998989,-1.6538e-010
998990,-1.16483e-010
998991,-1.33873e-010
998992,-1.70368e-010
998993,-1.99363e-010
998994,-1.40858e-010
998995,-1.32463e-010
998996,-1.50098e-010
998997,-1.93432e-010
998998,-1.89963e-010
998999,-1.42439e-010
999000,-1.86691e-010
999001,-1.41103e-010
999002,-1.3989e-010
999003,-1.67807e-010
999004,-1.63811e-010
999005,-1.48076e-010
999006,-1.91079e-010
999007,-1.56716e-010
999008,-1.40184e-010
999009,-1.97684e-010
999010,-1.69816e-010
999011,-1.78162e-010
999012,-2.25527e-010
999013,-1.51544e-010
999014,-1.41655e-010
999015,-1.26397e-010
999016,-1.14951e-010
999017,-1.46458e-010
999018,-1.34289e-010
999019,-1.50674e-010
999020,-1.63628e-010
999021,-1.28076e-010
999022,-1.34253e-010
999023,-1.42525e-010
999024,-1.64632e-010
999025,-1.60797e-010
999026,-1.67083e-010
999027,-1.38382e-010
999028,-1.83395e-010
999029,-1.43407e-010
999030,-1.72218e-010
999031,-1.969e-010
999032,-1.22365e-010
999033,-1.52047e-010
999034,-1.66483e-010
999035,-1.39914e-010
999036,-1.73235e-010
999037,-1.7902e-010
999038,-1.28027e-010
999039,-1.57684e-010
999040,-1.30931e-010
999041,-1.67721e-010
999042,-1.85172e-010
999043,-1.46483e-010
999044,-1.26556e-010
999045,-1.61287e-010
999046,-1.64326e-010
999047,-1.94718e-010
999048,-1.72561e-010
999049,-1.53983e-010
999050,-1.14204e-010
999051,-1.77304e-010
999052,-1.38431e-010
999053,-1.84057e-010
999054,-1.75196e-010
999055,-1.83407e-010
999056,-1.52917e-010
999057,-1.8603e-010
999058,-1.50245e-010
999059,-1.51348e-010
999060,-1.6212e-010
999061,-1.66887e-010
999062,-1.73628e-010
999063,-1.46912e-010
999064,-1.5978e-010
999065,-2.21483e-010
999066,-1.51483e-010
999067,-1.675e-010
999068,-1.58579e-010
999069,-1.4375e-010
999070,-1.67353e-010
999071,-1.77463e-010
999072,-2.00331e-010
999073,-1.69792e-010
999074,-1.63677e-010
999075,-1.91985e-010
999076,-1.98211e-010
999077,-1.58444e-010
999078,-1.32402e-010
999079,-1.40368e-010
999080,-1.54461e-010
999081,-1.58579e-010
999082,-1.63958e-010
999083,-1.49976e-010
999084,-1.87231e-010
999085,-1.3761e-010
999086,-1.43701e-010
999087,-1.80037e-010
999088,-1.46814e-010
999089,-1.7511e-010
999090,-1.819e-010
999091,-1.74682e-010
999092,-1.71961e-010
999093,-1.70233e-010
999094,-1.45257e-010
999095,-1.14461e-010
999096,-1.73836e-010
999097,-1.7049e-010
999098,-1.93432e-010
999099,-1.57194e-010
999100,-1.59069e-010
999101,-1.2913e-010
999102,-1.77843e-010
999103,-1.93554e-010
999104,-1.62451e-010
999105,-1.8565e-010
999106,-1.36458e-010
999107,-1.71961e-010
999108,-1.49007e-010
999109,-1.98137e-010
999110,-1.31887e-010
999111,-1.65417e-010
999112,-1.68909e-010
999113,-1.56201e-010
999114,-1.4674e-010
999115,-1.42525e-010
999116,-1.70515e-010
999117,-1.78321e-010
999118,-1.86103e-010
999119,-1.39841e-010
999120,-1.9288e-010
999121,-1.45086e-010
999122,-1.44338e-010
999123,-1.59951e-010
999124,-1.53395e-010
999125,-1.4489e-010
999126,-1.91446e-010
999127,-1.4739e-010
999128,-1.41226e-010
999129,-1.51679e-010
999130,-1.36054e-010
999131,-1.63284e-010
999132,-1.66728e-010
999133,-1.58468e-010
999134,-1.55588e-010
999135,-1.68395e-010
999136,-1.71936e-010
999137,-1.75368e-010
999138,-1.67708e-010
999139,-1.52537e-010
999140,-1.90821e-010
999141,-1.56936e-010
999142,-1.43762e-010
999143,-1.67329e-010
999144,-1.34963e-010
999145,-1.50576e-010
999146,-1.60319e-010
999147,-1.5663e-010
999148,-1.58885e-010
999149,-1.70539e-010
999150,-1.6951e-010
999151,-1.90012e-010
999152,-1.76985e-010
999153,-4.62451e-010
999154,-9.71079e-011
999155,-1.61054e-010
999156,-1.68346e-010
999157,-1.80588e-010
999158,-1.57476e-010
999159,-1.99976e-010
999160,-2.02414e-010
999161,-2.04633e-010
999162,-1.93983e-010
999163,-1.13811e-010
999164,-1.75564e-010
999165,-1.56704e-010
999166,-1.36458e-010
999167,-1.91802e-010
999168,-1.58824e-010
999169,-1.84155e-010
999170,-1.5739e-010
999171,-1.51679e-010
999172,-2.08909e-010
999173,-1.39583e-010
999174,-1.72574e-010
999175,-1.67512e-010
999176,-1.38431e-010
999177,-1.52157e-010
999178,-1.73652e-010
999179,-1.69326e-010
999180,-1.53958e-010
999181,-1.68505e-010
999182,-1.45221e-010
999183,-1.28505e-010
999184,-1.54706e-010
999185,-1.45833e-010
999186,-1.89571e-010
999187,-1.41924e-010
999188,-1.62292e-010
999189,-1.76961e-010
999190,-1.63689e-010
999191,-1.73885e-010
999192,-1.42341e-010
999193,-1.51789e-010
999194,-1.84314e-010
999195,-1.53382e-010
999196,-1.72623e-010
999197,-1.60098e-010
999198,-1.55478e-010
999199,-1.6087e-010
999200,-1.77561e-010
999201,-1.68468e-010
999202,-2.11397e-010
999203,-1.94547e-010
999204,-1.76066e-010
999205,-1.78517e-010
999206,-1.39559e-010
999207,-1.71275e-010
999208,-1.74069e-010
999209,-1.32954e-010
999210,-1.3288e-010
999211,-8.09437e-011
999212,-1.72659e-010
999213,-1.38382e-010
999214,-1.65368e-010
999215,-1.42231e-010
999216,-1.68787e-010
999217,-1.40735e-010
999218,-1.47071e-010
999219,-1.73125e-010
999220,-1.38591e-010
999221,-1.28958e-010
999222,-1.64106e-010
999223,-1.60515e-010
999224,-1.43885e-010
999225,-1.47941e-010
999226,-1.32365e-010
999227,-1.41103e-010
999228,-1.65159e-010
999229,-1.16054e-010
999230,-1.89829e-010
999231,-1.59571e-010
999232,-1.30907e-010
999233,-1.71238e-010
999234,-1.49865e-010
999235,-1.64216e-010
999236,-1.64167e-010
999237,-1.85981e-010
999238,-1.47966e-010
999239,-1.60723e-010
999240,-1.6087e-010
999241,-2.08248e-010
999242,-1.90637e-010
999243,-1.1924e-010
999244,-1.59681e-010
999245,-1.29804e-010
999246,-1.35061e-010
999247,-1.94694e-010
999248,-1.63444e-010
999249,-1.98836e-010
999250,-1.38052e-010
999251,-1.40699e-010
999252,-1.31299e-010
999253,-1.78848e-010
999254,-2.14804e-010
999255,-1.97684e-010
999256,-1.3962e-010
999257,-1.56544e-010
999258,-1.47574e-010
999259,-1.71005e-010
999260,-1.64265e-010
999261,-1.50074e-010
999262,-1.67218e-010
999263,-9.12011e-011
999264,-1.72451e-010
999265,-1.60196e-010
999266,-1.67365e-010
999267,-1.53113e-010
999268,-1.04779e-010
999269,-1.34314e-010
999270,-1.84449e-010
999271,-1.61348e-010
999272,-1.22194e-010
999273,-2.01238e-010
999274,-1.82218e-010
999275,-2.0424e-010
999276,-1.18493e-010
999277,-1.23958e-010
999278,-1.64914e-010
999279,-1.38542e-010
999280,-1.57231e-010
999281,-1.83468e-010
999282,-1.53088e-010
999283,-1.45588e-010
999284,-1.63824e-010
999285,-1.48909e-010
999286,-1.45748e-010
999287,-1.77414e-010
999288,-1.48628e-010
999289,-1.83897e-010
999290,-1.64682e-010
999291,-1.22659e-010
999292,-1.66507e-010
999293,-1.71851e-010
999294,-1.6163e-010
999295,-1.68358e-010
999296,-1.75478e-010
999297,-1.82525e-010
999298,-1.67868e-010
999299,-1.48787e-010
999300,-1.7299e-010
999301,-1.25e-010
999302,-1.31091e-010
999303,-1.37304e-010
999304,-1.55257e-010
999305,-1.45025e-010
999306,-1.81005e-010
999307,-1.4788e-010
999308,-1.52733e-010
999309,-1.40821e-010
999310,-2.03101e-010
999311,-1.35821e-010
999312,-1.43909e-010
999313,-1.21642e-010
999314,-1.04853e-010
999315,-1.12402e-010
999316,-1.30466e-010
999317,-1.91507e-010
999318,-1.85184e-010
999319,-1.55466e-010
999320,-1.59596e-010
999321,-1.34927e-010
999322,-1.45257e-010
999323,-1.43983e-010
999324,-1.51753e-010
999325,-1.79829e-010
999326,-1.69277e-010
999327,-1.7886e-010
999328,-1.29412e-010
999329,-1.1299e-010
999330,-1.49277e-010
999331,-1.68015e-010
999332,-1.56667e-010
999333,-1.97292e-010
999334,-1.72341e-010
999335,-1.54387e-010
999336,-1.7636e-010
999337,-1.41336e-010
999338,-1.52745e-010
999339,-1.6e-010
999340,-1.56164e-010
999341,-1.60576e-010
999342,-1.6065e-010
999343,-1.4136e-010
999344,-1.56998e-010
999345,-1.95135e-010
999346,-1.51446e-010
999347,-1.65343e-010
999348,-1.78995e-010
999349,-1.43664e-010
999350,-1.53689e-010
999351,-1.54289e-010
999352,-1.42549e-010
999353,-1.24363e-010
999354,-1.42071e-010
999355,-1.80858e-010
999356,-1.36311e-010
999357,-1.53052e-010
999358,-1.38199e-010
999359,-1.73701e-010
999360,-1.38762e-010
999361,-1.60478e-010
999362,-1.51348e-010
999363,-1.04841e-010
999364,-1.73444e-010
999365,-1.35135e-010
999366,-1.30527e-010
999367,-1.86936e-010
999368,-1.73333e-010
999369,-1.39804e-010
999370,-1.57917e-010
999371,-1.57169e-010
999372,-1.38946e-010
999373,-1.55613e-010
999374,-1.2973e-010
999375,-1.72169e-010
999376,-1.48542e-010
999377,-1.09829e-010
999378,-1.67206e-010
999379,-1.50221e-010
999380,-1.70086e-010
999381,-1.31777e-010
999382,-1.76079e-010
999383,-1.16642e-010
999384,-1.87132e-010
999385,-1.67316e-010
999386,-1.9603e-010
999387,-1.65196e-010
999388,-1.32145e-010
999389,-1.39204e-010
999390,-1.50797e-010
999391,-1.91851e-010
999392,-1.43395e-010
999393,-1.9451e-010
999394,-1.67267e-010
999395,-1.39534e-010
999396,-2.0799e-010
999397,-1.66189e-010
999398,-1.5663e-010
999399,-1.82243e-010
999400,-1.85356e-010
999401,-1.69963e-010
999402,-1.78983e-010
999403,-1.62721e-010
999404,-1.66189e-010
999405,-1.57549e-010
999406,-1.25123e-010
999407,-1.69755e-010
999408,-1.3799e-010
999409,-1.59865e-010
999410,-1.28615e-010
999411,-1.60539e-010
999412,-2.63235e-010
999413,-1.40601e-010
999414,-1.55172e-010
999415,-1.33677e-010
999416,-1.49155e-010
999417,-1.59939e-010
999418,-1.95564e-010
999419,-1.62745e-010
999420,-1.7902e-010
999421,-1.79093e-010
999422,-1.28468e-010
999423,-1.62267e-010
999424,-1.37218e-010
999425,-1.39792e-010
999426,-1.73873e-010
999427,-1.82194e-010
999428,-1.819e-010
999429,-1.71973e-010
999430,-1.50515e-010
999431,-1.58995e-010
999432,-1.38811e-010
999433,-1.66177e-010
999434,-1.82059e-010
999435,-1.71238e-010
999436,-1.80454e-010
999437,-2.04792e-010
999438,-1.60086e-010
999439,-2.06152e-010
999440,-1.96226e-010
999441,-1.74057e-010
999442,-1.66667e-010
999443,-1.99755e-010
999444,-1.87218e-010
999445,-1.72978e-010
999446,-1.20735e-010
999447,-1.75981e-010
999448,-1.92108e-010
999449,-1.36605e-010
999450,-1.85208e-010
999451,-1.73897e-010
999452,-1.2799e-010
999453,-1.50748e-010
999454,-1.60306e-010
999455,-1.85944e-010
999456,-1.56618e-010
999457,-1.50245e-010
999458,-1.47917e-010
999459,-1.7076e-010
999460,-1.43223e-010
999461,-1.32218e-010
999462,-1.89767e-010
999463,-1.8e-010
999464,-1.98566e-010
999465,-1.24449e-010
999466,-1.11324e-010
999467,-1.59118e-010
999468,-1.56507e-010
999469,-1.73995e-010
999470,-2.10049e-010
999471,-1.6674e-010
999472,-1.3261e-010
999473,-1.97402e-010
999474,-1.68432e-010
999475,-2.07022e-010
999476,-1.57427e-010
999477,-1.98395e-010
999478,-1.97537e-010
999479,-1.54596e-010
999480,-1.45147e-010
999481,-1.95944e-010
999482,-1.56238e-010
999483,-1.78456e-010
999484,-1.83775e-010
999485,-1.52463e-010
999486,-1.98579e-010
999487,-1.82659e-010
999488,-1.74988e-010
999489,-1.61262e-010
999490,-1.78701e-010
999491,-1.84351e-010
999492,-1.44338e-010
999493,-1.65699e-010
999494,-1.55184e-010
999495,-1.74596e-010
999496,-1.9402e-010
999497,-1.45723e-010
999498,-1.60294e-010
999499,-1.77463e-010
999500,-1.2386e-010
999501,-1.47194e-010
999502,-1.9674e-010
999503,-1.11091e-010
999504,-1.5511e-010
999505,-1.33909e-010
999506,-1.72868e-010
999507,-1.79265e-010
999508,-1.37145e-010
999509,-1.77586e-010
999510,-1.70356e-010
999511,-1.18873e-010
999512,-1.52034e-010
999513,-1.69927e-010
999514,-1.88248e-010
999515,-1.54657e-010
999516,-1.8163e-010
999517,-1.59706e-010
999518,-1.46887e-010
999519,-1.70025e-010
999520,-1.50552e-010
999521,-1.3598e-010
999522,-1.56789e-010
999523,-1.34461e-010
999524,-1.88542e-010
999525,-1.71655e-010
999526,-1.81863e-010
999527,-1.71409e-010
999528,-1.81851e-010
999529,-1.92708e-010
999530,-1.92868e-010
999531,-2.06912e-010
999532,-2.23713e-010
999533,-1.96409e-010
999534,-1.98248e-010
999535,-1.46397e-010
999536,-1.18517e-010
999537,-1.86728e-010
999538,-1.99718e-010
999539,-2.00061e-010
999540,-1.28297e-010
999541,-1.53689e-010
999542,-1.65466e-010
999543,-1.52181e-010
999544,-2.00809e-010
999545,-1.50172e-010
999546,-1.74865e-010
999547,-1.49792e-010
999548,-1.48652e-010
999549,-1.44951e-010
999550,-1.64963e-010
999551,-1.70711e-010
999552,-1.15061e-010
999553,-1.76458e-010
999554,-1.69461e-010
999555,-1.49228e-010
999556,-1.7951e-010
999557,-1.22427e-010
999558,-1.71581e-010
999559,-1.19424e-010
999560,-1.41471e-010
999561,-1.87831e-010
999562,-1.5603e-010
999563,-1.21814e-010
999564,-1.71091e-010
999565,-1.46912e-010
999566,-1.71324e-010
999567,-1.78811e-010
999568,-1.61826e-010
999569,-1.81777e-010
999570,-1.31287e-010
999571,-1.28088e-010
999572,-1.51446e-010
999573,-1.72843e-010
999574,-1.569e-010
999575,-1.28174e-010
999576,-1.67206e-010
999577,-1.90919e-010
999578,-1.75319e-010
999579,-1.60527e-010
999580,-1.13015e-010
999581,-1.56814e-010
999582,-1.37414e-010
999583,-1.69449e-010
999584,-1.99228e-010
999585,-1.93481e-010
999586,-1.79081e-010
999587,-1.57071e-010
999588,-1.57267e-010
999589,-1.56777e-010
999590,-1.62365e-010
999591,-1.78235e-010
999592,-2.02059e-010
999593,-1.99204e-010
999594,-1.40037e-010
999595,-1.62022e-010
999596,-1.5886e-010
999597,-1.53248e-010
999598,-1.67304e-010
999599,-1.89351e-010
999600,-1.87488e-010
999601,-1.72034e-010
999602,-2.17083e-010
999603,-1.46875e-010
999604,-1.89155e-010
999605,-1.67316e-010
999606,-1.68432e-010
999607,-1.42831e-010
999608,-1.90098e-010
999609,-1.52672e-010
999610,-1.82905e-010
999611,-1.71054e-010
999612,-1.24951e-010
999613,-1.74951e-010
999614,-1.43885e-010
999615,-1.59204e-010
999616,-1.7636e-010
999617,-1.88174e-010
999618,-1.46042e-010
999619,-1.36177e-010
999620,-1.7353e-010
999621,-1.34069e-010
999622,-1.64718e-010
999623,-1.3989e-010
999624,-2.0201e-010
999625,-1.27353e-010
999626,-1.7614e-010
999627,-1.56164e-010
999628,-1.25086e-010
999629,-1.72794e-010
999630,-1.34657e-010
999631,-1.36679e-010
999632,-1.325e-010
999633,-1.41606e-010
999634,-1.81949e-010
999635,-1.71495e-010
999636,-1.7326e-010
999637,-1.61961e-010
999638,-1.69498e-010
999639,-1.70772e-010
999640,-1.62537e-010
999641,-1.76507e-010
999642,-1.41753e-010
999643,-1.81704e-010
999644,-1.59044e-010
999645,-1.55968e-010
999646,-1.75601e-010
999647,-1.35552e-010
999648,-1.88983e-010
999649,-1.48284e-010
999650,-1.33836e-010
999651,-1.64608e-010
999652,-1.68076e-010
999653,-2.18983e-010
999654,-1.57635e-010
999655,-1.74142e-010
999656,-1.8913e-010
999657,-1.56875e-010
999658,-1.97917e-010
999659,-1.45944e-010
999660,-1.61851e-010
999661,-1.95123e-010
999662,-1.74191e-010
999663,-1.52243e-010
999664,-1.5587e-010
999665,-1.97231e-010
999666,-1.41789e-010
999667,-1.59731e-010
999668,-1.94951e-010
999669,-1.66189e-010
999670,-1.3261e-010
999671,-1.53444e-010
999672,-1.83382e-010
999673,-1.60049e-010
999674,-1.87059e-010
999675,-1.68713e-010
999676,-1.6386e-010
999677,-1.22892e-010
999678,-1.13738e-010
999679,-1.975e-010
999680,-1.48015e-010
999681,-1.26483e-010
999682,-1.75012e-010
999683,-1.87034e-010
999684,-1.20306e-010
999685,-1.23652e-010
999686,-2.01348e-010
999687,-1.72451e-010
999688,-1.7712e-010
999689,-1.38211e-010
999690,-1.33297e-010
999691,-1.16066e-010
999692,-1.66618e-010
999693,-1.58848e-010
999694,-1.5799e-010
999695,-1.70074e-010
999696,-1.51691e-010
999697,-1.11961e-010
999698,-1.73333e-010
999699,-1.61128e-010
999700,-1.32181e-010
999701,-1.18811e-010
999702,-1.12353e-010
999703,-1.86226e-010
999704,-1.69816e-010
999705,-1.81557e-010
999706,-1.4826e-010
999707,-1.56115e-010
999708,-1.66275e-010
999709,-1.68958e-010
999710,-1.66373e-010
999711,-1.29498e-010
999712,-1.70968e-010
999713,-1.85012e-010
999714,-1.53824e-010
999715,-1.53566e-010
999716,-1.7978e-010
999717,-1.53039e-010
999718,-1.70037e-010
999719,-1.47071e-010
999720,-1.23444e-010
999721,-1.9587e-010
999722,-1.38811e-010
999723,-1.79179e-010
999724,-2.19682e-010
999725,-1.45784e-010
999726,-1.52892e-010
999727,-1.73566e-010
999728,-1.54939e-010
999729,-1.38272e-010
999730,-1.37218e-010
999731,-1.43762e-010
999732,-1.66213e-010
999733,-1.37034e-010
999734,-1.79118e-010
999735,-1.77525e-010
999736,-1.58958e-010
999737,-1.50282e-010
999738,-2.9799e-010
999739,-2.25184e-010
999740,-1.6201e-010
999741,-1.50625e-010
999742,-1.64253e-010
999743,-1.49853e-010
999744,-1.78211e-010
999745,-1.36226e-010
999746,-1.81434e-010
999747,-1.60576e-010
999748,-1.53395e-010
999749,-1.40846e-010
999750,-1.33591e-010
999751,-1.66728e-010
999752,-1.39118e-010
999753,-1.36054e-010
999754,-1.31017e-010
999755,-1.6364e-010
999756,-1.45588e-010
999757,-1.69902e-010
999758,-1.71238e-010
999759,-1.44032e-010
999760,-1.61581e-010
999761,-1.85196e-010
999762,-2.16434e-010
999763,-1.53505e-010
999764,-1.97463e-010
999765,-1.88137e-010
999766,-1.81238e-010
999767,-1.40135e-010
999768,-1.67427e-010
999769,-1.72096e-010
999770,-1.85821e-010
999771,-1.56115e-010
999772,-1.81017e-010
999773,-1.28603e-010
999774,-1.89412e-010
999775,-1.55833e-010
999776,-1.82819e-010
999777,-1.22169e-010
999778,-1.83542e-010
999779,-1.50895e-010
999780,-2.03799e-010
999781,-1.14228e-010
999782,-1.36054e-010
999783,-1.45637e-010
999784,-1.5049e-010
999785,-1.34608e-010
999786,-1.31079e-010
999787,-1.38395e-010
999788,-1.23456e-010
999789,-1.84731e-010
999790,-1.64547e-010
999791,-7.90442e-011
999792,-1.55821e-010
999793,-1.44167e-010
999794,-1.53088e-010
999795,-1.65245e-010
999796,-8.88359e-011
999797,-1.67218e-010
999798,-1.80356e-010
999799,-1.41581e-010
999800,-1.60257e-010
999801,-1.29191e-010
999802,-1.42549e-010
999803,-1.47978e-010
999804,-1.43775e-010
999805,-1.60221e-010
999806,-1.81238e-010
999807,-1.66275e-010
999808,-1.59927e-010
999809,-1.4511e-010
999810,-1.4114e-010
999811,-1.28775e-010
999812,-1.91189e-010
999813,-1.72966e-010
999814,-1.55833e-010
999815,-2.09718e-010
999816,-1.35184e-010
999817,-1.78689e-010
999818,-1.5103e-010
999819,-1.8576e-010
999820,-2.03885e-010
999821,-1.7614e-010
999822,-1.49118e-010
999823,-1.33897e-010
999824,-1.79743e-010
999825,-1.43824e-010
999826,-1.45331e-010
999827,-1.57806e-010
999828,-1.79167e-010
999829,-1.12905e-010
999830,-1.55123e-010
999831,-1.70012e-010
999832,-1.71875e-010
999833,-1.20086e-010
999834,-1.89853e-010
999835,-2.01532e-010
999836,-1.43297e-010
999837,-1.36961e-010
999838,-1.48321e-010
999839,-1.56593e-010
999840,-1.3777e-010
999841,-1.86691e-010
999842,-1.52096e-010
999843,-1.52647e-010
999844,-1.33603e-010
999845,-1.2136e-010
999846,-1.38566e-010
999847,-1.12696e-010
999848,-1.41802e-010
999849,-1.33468e-010
999850,-1.39118e-010
999851,-1.82169e-010
999852,-1.38566e-010
999853,-9.13359e-011
999854,-1.3739e-010
999855,-1.84669e-010
999856,-1.50184e-010
999857,-1.18431e-010
999858,-1.62255e-010
999859,-1.38775e-010
999860,-2.0701e-010
999861,-1.68444e-010
999862,-1.49485e-010
999863,-1.56287e-010
999864,-1.82892e-010
999865,-1.49007e-010
999866,-1.50135e-010
999867,-1.56667e-010
999868,-1.64228e-010
999869,-1.52917e-010
999870,-1.48836e-010
999871,-1.55086e-010
999872,-1.51348e-010
999873,-1.45993e-010
999874,-1.83309e-010
999875,-1.51385e-010
999876,-1.17059e-010
999877,-1.78419e-010
999878,-1.72292e-010
999879,-1.5864e-010
999880,-1.59424e-010
999881,-1.60968e-010
999882,-1.38566e-010
999883,-1.50466e-010
999884,-1.4125e-010
999885,-1.6413e-010
999886,-1.54204e-010
999887,-1.59032e-010
999888,-2.16704e-010
999889,-1.38995e-010
999890,-1.51606e-010
999891,-1.79927e-010
999892,-1.47843e-010
999893,-1.78934e-010
999894,-1.65956e-010
999895,-1.52905e-010
999896,-2.12525e-010
999897,-1.43603e-010
999898,-1.49755e-010
999899,-1.65895e-010
999900,-1.64804e-010
999901,-1.83738e-010
999902,-1.17745e-010
999903,-1.57096e-010
999904,-1.62868e-010
999905,-1.52635e-010
999906,-1.6565e-010
999907,-1.46373e-010
999908,-1.14204e-010
999909,-1.72341e-010
999910,-1.35478e-010
999911,-1.26728e-010
999912,-1.24914e-010
999913,-1.30723e-010
999914,-1.10306e-010
999915,-1.21936e-010
999916,-1.75208e-010
999917,-1.54412e-010
999918,-1.58836e-010
999919,-1.68824e-010
999920,-2.47022e-010
999921,-1.72427e-010
999922,-1.22684e-010
999923,-1.73039e-010
999924,-1.75858e-010
999925,-1.34951e-010
999926,-1.92733e-010
999927,-1.63052e-010
999928,-1.36544e-010
999929,-1.67108e-010
999930,-2.10221e-010
999931,-1.3114e-010
999932,-1.61458e-010
999933,-1.65196e-010
999934,-1.69939e-010
999935,-1.86936e-010
999936,-1.47451e-010
999937,-1.35699e-010
999938,-1.58358e-010
999939,-1.6027e-010
999940,-1.49204e-010
999941,-1.55417e-010
999942,-1.66311e-010
999943,-1.3348e-010
999944,-1.49069e-010
999945,-1.0625e-010
999946,-1.48517e-010
999947,-1.76679e-010
999948,-1.8799e-010
999949,-1.44106e-010
999950,-1.72378e-010
999951,-1.14498e-010
999952,-1.3799e-010
999953,-1.7125e-010
999954,-1.86642e-010
999955,-1.44988e-010
999956,-1.62231e-010
999957,-1.36434e-010
999958,-1.69069e-010
999959,-1.29069e-010
999960,-1.61213e-010
999961,-1.45368e-010
999962,-1.36655e-010
999963,-1.85e-010
999964,-1.70907e-010
999965,-1.18186e-010
999966,-1.65184e-010
999967,-1.38579e-010
999968,-1.38677e-010
999969,-1.64841e-010
999970,-1.56042e-010
999971,-1.91557e-010
999972,-1.5864e-010
999973,-1.54265e-010
999974,-1.41593e-010
999975,-1.51704e-010
999976,-1.34547e-010
999977,-1.40025e-010
999978,-1.45723e-010
999979,-1.43493e-010
999980,-1.47941e-010
999981,-1.27855e-010
999982,-2.32329e-010
999983,-1.21642e-010
999984,-1.55625e-010
999985,-1.91985e-010
999986,-2.19142e-010
999987,-1.62929e-010
999988,-1.68027e-010
999989,-1.73811e-010
999990,-1.6402e-010
999991,-1.71311e-010
999992,-1.13689e-010
999993,-1.66287e-010
999994,-1.99767e-010
999995,-1.76409e-010
999996,-1.86005e-010
999997,-1.66606e-010
999998,-1.63431e-010
999999,-1.44032e-010
