LECROYWR104MXi,15731,Waveform
Segments,1,SegmentSize,1642
Segment,TrigTime,TimeSinceSegment1
#1,01-Dec-2012 09:05:23,0                 
Time,Ampl
998358,-1.1924e-010
998359,-2.19301e-010
998360,-1.8701e-010
998361,-1.89399e-010
998362,-1.69301e-010
998363,-1.60723e-010
998364,-1.48468e-010
998365,-2.11458e-010
998366,-1.53738e-010
998367,-1.70833e-010
998368,-1.24081e-010
998369,-1.21201e-010
998370,-1.73039e-010
998371,-1.26777e-010
998372,-8.7071e-011
998373,-1.32292e-010
998374,-1.56679e-010
998375,-2.01103e-010
998376,-1.9136e-010
998377,-1.14461e-010
998378,-2.15012e-010
998379,-1.33088e-010
998380,-1.61458e-010
998381,-1.78922e-010
998382,-1.17831e-010
998383,-1.52022e-010
998384,-2.60662e-010
998385,-1.14828e-010
998386,-1.50123e-010
998387,-1.26164e-010
998388,-1.30208e-010
998389,-1.76532e-010
998390,-1.21201e-010
998391,-1.79044e-010
998392,-1.51348e-010
998393,-1.65993e-010
998394,-1.04534e-010
998395,-1.61152e-010
998396,-1.6973e-010
998397,-1.4663e-010
998398,-1.23774e-010
998399,-1.5337e-010
998400,-2.18137e-010
998401,-1.29105e-010
998402,-1.5864e-010
998403,-1.79534e-010
998404,-3.42953e-010
998405,-1.22672e-010
998406,-1.18873e-010
998407,-1.50919e-010
998408,-2.05024e-010
998409,-1.01287e-010
998410,-1.26593e-010
998411,-1.42402e-010
998412,-1.61274e-010
998413,-2.04963e-010
998414,-2.28431e-010
998415,-1.48958e-010
998416,-1.42647e-010
998417,-1.28186e-010
998418,-1.56434e-010
998419,-1.73591e-010
998420,-2.18076e-010
998421,-1.87316e-010
998422,-1.57047e-010
998423,-1.84314e-010
998424,-1.96507e-010
998425,-1.75797e-010
998426,-3.21875e-010
998427,-1.36336e-010
998428,-1.75306e-010
998429,-1.54228e-010
998430,-1.09252e-010
998431,-1.48162e-010
998432,-1.56863e-010
998433,-1.67402e-010
998434,-1.39522e-010
998435,-3.47672e-010
998436,-1.37377e-010
998437,-2.33456e-010
998438,-1.78309e-010
998439,-1.39154e-010
998440,-1.85723e-010
998441,-1.98652e-010
998442,-1.7788e-010
998443,-1.6299e-010
998444,-1.51042e-010
998445,-1.58456e-010
998446,-1.16483e-010
998447,-3.19179e-010
998448,-1.11091e-010
998449,-1.15196e-010
998450,-2.28738e-010
998451,-2.47733e-010
998452,-2.14277e-010
998453,-9.72426e-011
998454,-1.81005e-010
998455,-1.42279e-010
998456,-2.74142e-010
998457,-1.60233e-010
998458,-1.50674e-010
998459,-1.25797e-010
998460,-1.46875e-010
998461,-1.40196e-010
998462,-1.99694e-010
998463,-1.22794e-010
998464,-1.6348e-010
998465,-4.56495e-011
998466,-8.11274e-011
998467,-1.50061e-010
998468,-1.9136e-010
998469,-1.32108e-010
998470,-1.62071e-010
998471,-1.40809e-010
998472,-1.88297e-010
998473,-1.67892e-010
998474,-1.41728e-010
998475,-1.1875e-010
998476,-2.02941e-010
998477,-1.25674e-010
998478,-1.51348e-010
998479,-3.16912e-010
998480,-1.65074e-010
998481,-1.25184e-010
998482,-1.90993e-010
998483,-1.28309e-010
998484,-1.56373e-010
998485,-1.32782e-010
998486,-2.85172e-010
998487,-1.65196e-010
998488,-1.94547e-010
998489,-1.5576e-010
998490,-1.82475e-010
998491,-2.52206e-010
998492,-1.49387e-010
998493,-1.91115e-010
998494,-1.44914e-010
998495,-2.98836e-010
998496,-1.80821e-010
998497,-1.83517e-010
998498,-2.15993e-010
998499,-1.81679e-010
998500,-1.81985e-010
998501,-1.31066e-010
998502,-1.69301e-010
998503,-2.07169e-010
998504,-2.07414e-010
998505,-1.21201e-010
998506,-1.57353e-010
998507,-1.18627e-010
998508,-1.32353e-010
998509,-1.56127e-010
998510,-1.87745e-010
998511,-1.22917e-010
998512,-1.43627e-010
998513,-7.22426e-011
998514,-1.67831e-010
998515,-1.33272e-010
998516,-1.46814e-010
998517,-1.44485e-010
998518,-2.43321e-010
998519,-1.18934e-010
998520,-1.34988e-010
998521,-3.09865e-010
998522,-1.27267e-010
998523,-1.62132e-010
998524,-1.12132e-010
998525,-1.36213e-010
998526,-1.20282e-010
998527,-1.24265e-010
998528,-1.8462e-010
998529,-3.43137e-010
998530,-2.18566e-010
998531,-1.47794e-010
998532,-1.37868e-010
998533,-1.71507e-010
998534,-1.42218e-010
998535,-1.6489e-010
998536,-1.69547e-010
998537,-1.68505e-010
998538,-1.21507e-010
998539,-1.28002e-010
998540,-9.90808e-011
998541,-1.95772e-010
998542,-1.10846e-010
998543,-1.12745e-010
998544,-1.3174e-010
998545,-2.30147e-010
998546,-1.2788e-010
998547,-1.2549e-010
998548,-1.28554e-010
998549,-1.1924e-010
998550,-1.20282e-010
998551,-1.14399e-010
998552,-2.59191e-010
998553,-9.35049e-011
998554,-1.28493e-010
998555,-2.76287e-010
998556,-2.18076e-010
998557,-1.12929e-010
998558,-8.73161e-011
998559,-1.5864e-010
998560,-2.1538e-010
998561,-9.20343e-011
998562,-1.02083e-010
998563,-1.51654e-010
998564,-8.65808e-011
998565,-1.34069e-010
998566,-2.15441e-010
998567,-1.44363e-010
998568,-1.42218e-010
998569,-1.52267e-010
998570,-1.24081e-010
998571,-1.13603e-010
998572,-1.69669e-010
998573,-1.54596e-010
998574,-3.0625e-010
998575,-8.06985e-011
998576,-1.58149e-010
998577,-1.72304e-010
998578,-2.06924e-010
998579,-8.90931e-011
998580,-1.56801e-010
998581,-1.33578e-010
998582,-1.89645e-010
998583,-1.8413e-010
998584,-1.81005e-010
998585,-1.61703e-010
998586,-3.77145e-010
998587,-2.01899e-010
998588,-1.96936e-010
998589,-1.75184e-010
998590,-1.37561e-010
998591,-1.28002e-010
998592,-1.49694e-010
998593,-1.29228e-010
998594,-1.76716e-010
998595,-1.38909e-010
998596,-2.1875e-010
998597,-1.33824e-010
998598,-1.70895e-010
998599,-1.89093e-010
998600,-1.7598e-010
998601,-2.26409e-010
998602,-1.61397e-010
998603,-1.82598e-010
998604,-1.13909e-010
998605,-1.33946e-010
998606,-1.1973e-010
998607,-2.08762e-010
998608,-2.66422e-010
998609,-1.85784e-010
998610,-1.54289e-010
998611,-1.62806e-010
998612,-1.14522e-010
998613,-2.42831e-010
998614,-1.43199e-010
998615,-1.42279e-010
998616,-2.18076e-010
998617,-1.39399e-010
998618,-1.21752e-010
998619,-1.46936e-010
998620,-1.3511e-010
998621,-1.7598e-010
998622,-1.47672e-010
998623,-2.84559e-010
998624,-2.27696e-010
998625,-1.71569e-010
998626,-1.41176e-010
998627,-1.9761e-010
998628,-2.28922e-010
998629,-1.69424e-010
998630,-1.00184e-010
998631,-1.63051e-010
998632,-1.19424e-010
998633,-1.0625e-010
998634,-1.31679e-010
998635,-1.82108e-010
998636,-2.03186e-010
998637,-1.76164e-010
998638,-1.43873e-010
998639,-1.61091e-010
998640,-1.59375e-010
998641,-1.01777e-010
998642,-2.67034e-010
998643,-1.34681e-010
998644,-1.67586e-010
998645,-1.39583e-010
998646,-2.70282e-010
998647,-1.04718e-010
998648,-1.45711e-010
998649,-1.1587e-010
998650,-2.90319e-010
998651,-1.66728e-010
998652,-1.05698e-010
998653,-1.26471e-010
998654,-9.65686e-011
998655,-1.40686e-010
998656,-2.03064e-010
998657,-1.51716e-010
998658,-1.34498e-010
998659,-1.5435e-010
998660,-1.81005e-010
998661,-1.52083e-010
998662,-1.31679e-010
998663,-1.09498e-010
998664,-1.80944e-010
998665,-2.4614e-010
998666,-1.24387e-010
998667,-1.47978e-010
998668,-2.4136e-010
998669,-2.07598e-010
998670,-9.11152e-011
998671,-2.78983e-010
998672,-2.33149e-010
998673,-1.50797e-010
998674,-1.58578e-010
998675,-1.52267e-010
998676,-2.32414e-010
998677,-1.83211e-010
998678,-1.8701e-010
998679,-1.42892e-010
998680,-1.76777e-010
998681,-1.48346e-010
998682,-1.24939e-010
998683,-1.47917e-010
998684,-2.01409e-010
998685,-1.5288e-010
998686,-4.72365e-010
998687,-1.6489e-010
998688,-2.25123e-010
998689,-1.11703e-010
998690,-1.55637e-010
998691,-1.73468e-010
998692,-2.12132e-010
998693,-1.25061e-010
998694,-1.48162e-010
998695,-1.97855e-010
998696,-1.60784e-010
998697,-1.50429e-010
998698,-1.98652e-010
998699,-3.32047e-010
998700,-1.53983e-010
998701,-1.02757e-010
998702,-1.83885e-010
998703,-2.1348e-010
998704,-1.58578e-010
998705,-1.71324e-010
998706,-1.0288e-010
998707,-1.28002e-010
998708,-1.65625e-010
998709,-1.46446e-010
998710,-1.0098e-010
998711,-2.07353e-010
998712,-2.39338e-010
998713,-1.69118e-010
998714,-1.24387e-010
998715,-1.32108e-010
998716,-1.16605e-010
998717,-1.51409e-010
998718,-2.70037e-010
998719,-2.22059e-010
998720,-1.35478e-010
998721,-2.2163e-010
998722,-1.33578e-010
998723,-1.66789e-010
998724,-1.4761e-010
998725,-3.20895e-010
998726,-2.00735e-010
998727,-1.62806e-010
998728,-1.4951e-010
998729,-1.66667e-010
998730,-2.03799e-010
998731,-7.97794e-011
998732,-1.53493e-010
998733,-2.33333e-010
998734,-2.27941e-010
998735,-2.0386e-010
998736,-2.13297e-010
998737,-1.51593e-010
998738,-1.32659e-010
998739,-1.72243e-010
998740,-2.09436e-010
998741,-1.42218e-010
998742,-1.7212e-010
998743,-1.231e-010
998744,-1.20711e-010
998745,-1.15502e-010
998746,-1.36458e-010
998747,-1.62561e-010
998748,-1.7598e-010
998749,-1.92096e-010
998750,-1.13358e-010
998751,-1.34436e-010
998752,-1.30453e-010
998753,-1.01348e-010
998754,-2.2549e-010
998755,-1.48958e-010
998756,-1.90748e-010
998757,-2.32047e-010
998758,-1.44669e-010
998759,-1.33762e-010
998760,-1.31005e-010
998761,-2.20037e-010
998762,-3.28309e-010
998763,-1.96201e-010
998764,-1.91667e-010
998765,-1.71446e-010
998766,-2.04779e-010
998767,-1.5576e-010
998768,-1.72978e-010
998769,-1.48652e-010
998770,-2.23223e-010
998771,-2.06066e-010
998772,-1.60417e-010
998773,-1.84559e-010
998774,-1.48774e-010
998775,-1.87806e-010
998776,-1.5288e-010
998777,-1.17341e-010
998778,-2.04718e-010
998779,-1.78186e-010
998780,-1.54779e-010
998781,-1.8701e-010
998782,-3.09681e-010
998783,-1.33333e-010
998784,-2.11581e-010
998785,-1.93566e-010
998786,-1.26961e-010
998787,-1.02696e-010
998788,-1.50429e-010
998789,-1.43873e-010
998790,-1.30576e-010
998791,-1.73713e-010
998792,-1.84559e-010
998793,-1.41544e-010
998794,-1.69118e-010
998795,-1.27635e-010
998796,-1.22426e-010
998797,-1.41973e-010
998798,-1.32598e-010
998799,-1.90257e-010
998800,-1.53554e-010
998801,-1.07414e-010
998802,-1.72365e-010
998803,-1.3462e-010
998804,-1.70527e-010
998805,-8.27206e-011
998806,-2.21814e-010
998807,-1.4663e-010
998808,-1.62439e-010
998809,-2.17463e-010
998810,-2.20895e-010
998811,-2.03799e-010
998812,-1.57782e-010
998813,-1.61642e-010
998814,-1.99081e-010
998815,-2.1973e-010
998816,-3.18505e-010
998817,-1.74939e-010
998818,-1.66728e-010
998819,-1.43015e-010
998820,-1.70404e-010
998821,-1.64522e-010
998822,-2.03676e-010
998823,-1.41299e-010
998824,-2.15196e-010
998825,-1.7549e-010
998826,-2.27267e-010
998827,-5.09681e-010
998828,-1.64032e-010
998829,-1.11887e-010
998830,-1.51225e-010
998831,-3.04902e-010
998832,-1.62929e-010
998833,-2.03186e-010
998834,-1.39461e-010
998835,-1.46017e-010
998836,-1.42953e-010
998837,-1.74632e-010
998838,-1.76899e-010
998839,-1.90135e-010
998840,-2.00368e-010
998841,-3.04596e-010
998842,-2.59926e-010
998843,-1.27022e-010
998844,-1.66973e-010
998845,-1.74449e-010
998846,-1.78309e-010
998847,-2.65809e-010
998848,-1.69118e-010
998849,-2.50184e-010
998850,-1.55576e-010
998851,-1.95466e-010
998852,-1.66605e-010
998853,-2.32292e-010
998854,-1.89399e-010
998855,-1.66115e-010
998856,-1.40625e-010
998857,-1.61213e-010
998858,-1.06066e-010
998859,-1.43995e-010
998860,-1.24571e-010
998861,-1.31005e-010
998862,-1.04596e-010
998863,-2.06679e-010
998864,-1.39706e-010
998865,-1.44179e-010
998866,-9.01348e-011
998867,-1.52206e-010
998868,-1.68811e-010
998869,-1.67341e-010
998870,-1.37255e-010
998871,-2.5e-010
998872,-7.38357e-011
998873,-1.03248e-010
998874,-1.48162e-010
998875,-1.21017e-010
998876,-1.35539e-010
998877,-1.50123e-010
998878,-1.56863e-010
998879,-1.40196e-010
998880,-1.5864e-010
998881,-1.4712e-010
998882,-2.00368e-010
998883,-1.27451e-010
998884,-1.31066e-010
998885,-1.72794e-010
998886,-1.69792e-010
998887,-1.41973e-010
998888,-1.21752e-010
998889,-1.49203e-010
998890,-1.51654e-010
998891,-1.53431e-010
998892,-1.94608e-010
998893,-1.25858e-010
998894,-1.38113e-010
998895,-1.63297e-010
998896,-1.7598e-010
998897,-2.1011e-010
998898,-1.83762e-010
998899,-1.04167e-010
998900,-9.52818e-011
998901,-6.27328e-010
998902,-2.68873e-010
998903,-1.50919e-010
998904,-1.94792e-010
998905,-2.87377e-010
998906,-1.32659e-010
998907,-1.23468e-010
998908,-1.57659e-010
998909,-2.21998e-010
998910,-1.13419e-010
998911,-1.50245e-010
998912,-1.16483e-010
998913,-1.40502e-010
998914,-9.67524e-011
998915,-1.17647e-010
998916,-1.25e-010
998917,-1.23897e-010
998918,-1.47181e-010
998919,-2.17892e-010
998920,-2.1489e-010
998921,-1.59191e-010
998922,-1.08395e-010
998923,-1.86949e-010
998924,-2.12377e-010
998925,-1.6685e-010
998926,-1.51409e-010
998927,-2.04534e-010
998928,-1.53799e-010
998929,-1.33333e-010
998930,-1.54105e-010
998931,-2.28554e-010
998932,-2.43873e-010
998933,-1.32659e-010
998934,-1.16667e-010
998935,-1.40196e-010
998936,-1.59436e-010
998937,-1.99694e-010
998938,-1.20221e-010
998939,-2.22426e-010
998940,-1.39706e-010
998941,-1.22549e-010
998942,-1.71324e-010
998943,-2.36029e-010
998944,-1.24939e-010
998945,-1.76532e-010
998946,-1.86091e-010
998947,-1.42708e-010
998948,-1.33885e-010
998949,-1.76164e-010
998950,-1.68321e-010
998951,-1.78615e-010
998952,-1.67034e-010
998953,-2.00919e-010
998954,-1.73407e-010
998955,-1.36091e-010
998956,-1.66728e-010
998957,-1.65257e-010
998958,-1.83762e-010
998959,-1.77267e-010
998960,-1.83456e-010
998961,-1.65931e-010
998962,-1.24265e-010
998963,-1.63297e-010
998964,-1.13297e-010
998965,-1.47794e-010
998966,-1.29412e-010
998967,-1.76287e-010
998968,-1.08578e-010
998969,-2.93076e-010
998970,-1.17402e-010
998971,-2.07475e-010
998972,-1.82414e-010
998973,-1.61274e-010
998974,-1.47794e-010
998975,-2.13664e-010
998976,-1.1924e-010
998977,-1.34681e-010
998978,-1.69424e-010
998979,-1.85968e-010
998980,-1.38235e-010
998981,-2.63787e-010
998982,-1.29412e-010
998983,-1.06127e-010
998984,-1.7739e-010
998985,-1.83701e-010
998986,-9.00122e-011
998987,-1.93811e-010
998988,-1.51654e-010
998989,-1.17096e-010
998990,-1.64951e-010
998991,-1.57414e-010
998992,-1.38297e-010
998993,-3.20772e-010
998994,-1.63235e-010
998995,-2.42647e-010
998996,-1.39399e-010
998997,-1.64338e-010
998998,-1.60355e-010
998999,-2.02083e-010
999000,-2.0049e-010
999001,-3.94363e-010
999002,-1.231e-010
999003,-1.06801e-010
999004,-1.14461e-010
999005,-1.35723e-010
999006,-1.89828e-010
999007,-1.06495e-010
999008,-1.52941e-010
999009,-1.35968e-010
999010,-1.11581e-010
999011,-1.50429e-010
999012,-1.28493e-010
999013,-1.61213e-010
999014,-1.48468e-010
999015,-1.26961e-010
999016,-1.42892e-010
999017,-1.53248e-010
999018,-1.37071e-010
999019,-1.97794e-010
999020,-2.73713e-010
999021,-1.68689e-010
999022,-1.62377e-010
999023,-2.31985e-010
999024,-1.71385e-010
999025,-1.47426e-010
999026,-1.65748e-010
999027,-1.28738e-010
999028,-1.28125e-010
999029,-1.23897e-010
999030,-1.42034e-010
999031,-1.48897e-010
999032,-1.29718e-010
999033,-1.30882e-010
999034,-1.65748e-010
999035,-1.71385e-010
999036,-1.80392e-010
999037,-1.37194e-010
999038,-1.57843e-010
999039,-1.46998e-010
999040,-1.71814e-010
999041,-1.68382e-010
999042,-2.60049e-010
999043,-1.08333e-010
999044,-1.15809e-010
999045,-2.56189e-010
999046,-1.56373e-010
999047,-1.2739e-010
999048,-2.10662e-010
999049,-1.71507e-010
999050,-1.51103e-010
999051,-1.30821e-010
999052,-7.49387e-011
999053,-1.34804e-010
999054,-1.4902e-010
999055,-1.76164e-010
999056,-1.05392e-010
999057,-1.04779e-010
999058,-2.25061e-010
999059,-1.37194e-010
999060,-1.59436e-010
999061,-2.23407e-010
999062,-1.54473e-010
999063,-1.66544e-010
999064,-1.9902e-010
999065,-1.79228e-010
999066,-1.55392e-010
999067,-1.58395e-010
999068,-3.31801e-010
999069,-1.88664e-010
999070,-1.56495e-010
999071,-1.70711e-010
999072,-1.53125e-010
999073,-1.76287e-010
999074,-1.41115e-010
999075,-1.25e-010
999076,-3.72365e-010
999077,-1.51532e-010
999078,-1.73958e-010
999079,-1.1973e-010
999080,-1.28554e-010
999081,-9.0625e-011
999082,-3.89951e-010
999083,-1.51899e-010
999084,-1.10417e-010
999085,-1.84988e-010
999086,-1.43627e-010
999087,-1.37071e-010
999088,-2.27512e-010
999089,-1.44179e-010
999090,-1.57475e-010
999091,-1.42524e-010
999092,-1.73223e-010
999093,-1.3989e-010
999094,-1.64154e-010
999095,-1.24877e-010
999096,-1.37377e-010
999097,-2.13051e-010
999098,-1.19853e-010
999099,-1.94975e-010
999100,-1.92708e-010
999101,-1.80576e-010
999102,-1.25e-010
999103,-2.26716e-010
999104,-1.36091e-010
999105,-1.92892e-010
999106,-1.48039e-010
999107,-1.47243e-010
999108,-2.07353e-010
999109,-2.40931e-010
999110,-2.43137e-010
999111,-1.81127e-010
999112,-1.67892e-010
999113,-1.65135e-010
999114,-1.8027e-010
999115,-1.63113e-010
999116,-2.16973e-010
999117,-3.26287e-010
999118,-1.21201e-010
999119,-1.06311e-010
999120,-1.88542e-010
999121,-2.78002e-010
999122,-1.4761e-010
999123,-1.23162e-010
999124,-1.24755e-010
999125,-2.01777e-010
999126,-1.68199e-010
999127,-1.46998e-010
999128,-1.22549e-010
999129,-1.00123e-010
999130,-1.77941e-010
999131,-1.1636e-010
999132,-1.28493e-010
999133,-2.48284e-010
999134,-1.34314e-010
999135,-2.18995e-010
999136,-1.35907e-010
999137,-2.87071e-010
999138,-1.88909e-010
999139,-1.5098e-010
999140,-1.77145e-010
999141,-1.98836e-010
999142,-1.16299e-010
999143,-1.73591e-010
999144,-4.08272e-010
999145,-1.18873e-010
999146,-1.95833e-010
999147,-1.41115e-010
999148,-2.87071e-010
999149,-1.86949e-010
999150,-1.32904e-010
999151,-1.53309e-010
999152,-1.71936e-010
999153,-2.0913e-010
999154,-2.0337e-010
999155,-1.39583e-010
999156,-1.70895e-010
999157,-1.47488e-010
999158,-1.05331e-010
999159,-1.55944e-010
999160,-1.22365e-010
999161,-1.91544e-010
999162,-1.46814e-010
999163,-1.55576e-010
999164,-1.57108e-010
999165,-3.45037e-010
999166,-9.27696e-011
999167,-1.61887e-010
999168,-4.19179e-010
999169,-2.3413e-010
999170,-1.69056e-010
999171,-2.75429e-010
999172,-1.36949e-010
999173,-1.77757e-010
999174,-1.81985e-010
999175,-1.22855e-010
999176,-1.95956e-010
999177,-1.88358e-010
999178,-1.74265e-010
999179,-1.89828e-010
999180,-1.28125e-010
999181,-4.07966e-010
999182,-3.9424e-010
999183,-1.25735e-010
999184,-1.3848e-010
999185,-2.29534e-010
999186,-1.65931e-010
999187,-2.84314e-010
999188,-1.16176e-010
999189,-1.24694e-010
999190,-1.73468e-010
999191,-1.50429e-010
999192,-1.981e-010
999193,-1.52267e-010
999194,-1.58088e-010
999195,-1.41176e-010
999196,-1.41789e-010
999197,-1.63848e-010
999198,-1.82169e-010
999199,-9.24019e-011
999200,-2.31924e-010
999201,-1.12929e-010
999202,-1.04412e-010
999203,-1.76961e-010
999204,-1.34559e-010
999205,-2.37745e-010
999206,-2.35784e-010
999207,-2.40319e-010
999208,-1.19301e-010
999209,-1.2451e-010
999210,-1.54779e-010
999211,-1.25797e-010
999212,-2.57292e-010
999213,-1.20466e-010
999214,-1.38971e-010
999215,-1.02451e-010
999216,-1.84559e-010
999217,-1.04228e-010
999218,-1.34498e-010
999219,-3.96998e-010
999220,-2.30944e-010
999221,-1.45833e-010
999222,-1.39338e-010
999223,-2.06189e-010
999224,-2.54534e-010
999225,-1.53125e-010
999226,-1.28799e-010
999227,-1.81985e-010
999228,-1.15441e-010
999229,-2.12929e-010
999230,-9.3321e-011
999231,-1.97181e-010
999232,-1.58333e-010
999233,-1.02819e-010
999234,-1.26164e-010
999235,-1.35907e-010
999236,-1.47978e-010
999237,-4.01777e-010
999238,-1.65074e-010
999239,-1.59314e-010
999240,-1.62561e-010
999241,-1.80944e-010
999242,-1.85233e-010
999243,-1.58517e-010
999244,-1.63419e-010
999245,-2.03983e-010
999246,-1.39767e-010
999247,-1.43505e-010
999248,-1.36213e-010
999249,-1.48284e-010
999250,-1.33027e-010
999251,-1.60907e-010
999252,-4.77757e-010
999253,-1.09191e-010
999254,-2.125e-010
999255,-1.05331e-010
999256,-2.15319e-010
999257,-1.10662e-010
999258,-1.06373e-010
999259,-8.87255e-011
999260,-1.84007e-010
999261,-1.22978e-010
999262,-2.33395e-010
999263,-2.53309e-010
999264,-2.31801e-010
999265,-1.39706e-010
999266,-1.18444e-010
999267,-1.74877e-010
999268,-1.70404e-010
999269,-1.73958e-010
999270,-1.40319e-010
999271,-1.70282e-010
999272,-1.17218e-010
999273,-1.57659e-010
999274,-2.41299e-010
999275,-1.33578e-010
999276,-1.39277e-010
999277,-3.28309e-010
999278,-1.69792e-010
999279,-1.06618e-010
999280,-1.17096e-010
999281,-1.34988e-010
999282,-1.45343e-010
999283,-1.3413e-010
999284,-1.44547e-010
999285,-1.13971e-010
999286,-1.41973e-010
999287,-4.59926e-010
999288,-1.84926e-010
999289,-1.7451e-010
999290,-3.06127e-010
999291,-1.69853e-010
999292,-2.66299e-010
999293,-1.30392e-010
999294,-1.7886e-010
999295,-2.54044e-010
999296,-2.0288e-010
999297,-1.27757e-010
999298,-1.62255e-010
999299,-1.67034e-010
999300,-1.91667e-010
999301,-2.72855e-010
999302,-1.62377e-010
999303,-1.34436e-010
999304,-2.00368e-010
999305,-1.59865e-010
999306,-1.5e-010
999307,-3.40502e-010
999308,-1.25551e-010
999309,-1.17953e-010
999310,-1.35846e-010
999311,-1.38358e-010
999312,-1.14216e-010
999313,-1.61826e-010
999314,-1.46017e-010
999315,-1.75123e-010
999316,-2.48713e-010
999317,-2.02696e-010
999318,-2.0962e-010
999319,-1.72365e-010
999320,-1.75674e-010
999321,-1.58762e-010
999322,-2.80208e-010
999323,-2.55515e-010
999324,-1.3462e-010
999325,-2.44179e-010
999326,-1.68689e-010
999327,-1.49632e-010
999328,-1.39706e-010
999329,-1.77328e-010
999330,-1.25368e-010
999331,-1.51593e-010
999332,-1.32414e-010
999333,-6.61703e-010
999334,-1.5723e-010
999335,-1.54963e-010
999336,-1.23407e-010
999337,-2.53983e-010
999338,-1.18627e-010
999339,-1.70037e-010
999340,-1.4277e-010
999341,-1.7935e-010
999342,-1.57537e-010
999343,-1.37745e-010
999344,-1.57475e-010
999345,-1.27328e-010
999346,-1.62071e-010
999347,-1.37132e-010
999348,-1.30944e-010
999349,-1.37561e-010
999350,-1.28493e-010
999351,-1.52083e-010
999352,-1.19669e-010
999353,-1.11274e-010
999354,-1.73836e-010
999355,-1.19179e-010
999356,-1.09681e-010
999357,-1.2212e-010
999358,-1.44424e-010
999359,-1.45956e-010
999360,-2.89093e-010
999361,-2.0576e-010
999362,-1.34252e-010
999363,-1.27267e-010
999364,-1.65319e-010
999365,-1.56556e-010
999366,-1.65441e-010
999367,-1.09191e-010
999368,-1.9277e-010
999369,-1.81801e-010
999370,-2.50858e-010
999371,-1.42831e-010
999372,-1.15178e-009
999373,-1.60049e-010
999374,-1.51164e-010
999375,-1.68382e-010
999376,-1.50306e-010
999377,-9.20956e-011
999378,-5.07414e-010
999379,-1.61458e-010
999380,-2.35784e-010
999381,-1.29718e-010
999382,-1.62561e-010
999383,-1.66667e-010
999384,-1.33517e-010
999385,-1.71446e-010
999386,-1.67034e-010
999387,-1.37623e-010
999388,-1.79044e-010
999389,-1.04841e-010
999390,-1.48039e-010
999391,-1.34252e-010
999392,-1.84988e-010
999393,-1.90319e-010
999394,-1.52696e-010
999395,-1.91176e-010
999396,-1.64828e-010
999397,-1.66728e-010
999398,-1.32721e-010
999399,-1.65564e-010
999400,-1.46201e-010
999401,-3.00184e-010
999402,-1.24816e-010
999403,-9.90196e-011
999404,-1.68934e-010
999405,-1.42341e-010
999406,-1.5625e-010
999407,-1.96201e-010
999408,-1.74081e-010
999409,-1.46569e-010
999410,-1.20159e-010
999411,-1.64522e-010
999412,-1.97426e-010
999413,-1.28248e-010
999414,-2.26409e-010
999415,-1.66422e-010
999416,-2.47365e-010
999417,-1.83701e-010
999418,-2.72243e-010
999419,-1.32169e-010
999420,-1.69792e-010
999421,-2.49939e-010
999422,-1.41667e-010
999423,-2.894e-010
999424,-1.60662e-010
999425,-1.39032e-010
999426,-1.45282e-010
999427,-3.18934e-010
999428,-1.18995e-010
999429,-2.70527e-010
999430,-1.86642e-010
999431,-2.90012e-010
999432,-9.00735e-011
999433,-1.82169e-010
999434,-1.32843e-010
999435,-1.74142e-010
999436,-1.61949e-010
999437,-1.5e-010
999438,-1.65686e-010
999439,-1.39828e-010
999440,-1.6685e-010
999441,-1.71507e-010
999442,-1.45895e-010
999443,-1.49877e-010
999444,-1.64645e-010
999445,-1.4136e-010
999446,-1.61274e-010
999447,-1.83027e-010
999448,-1.2837e-010
999449,-1.17524e-010
999450,-1.81373e-010
999451,-1.42157e-010
999452,-1.28676e-010
999453,-1.27635e-010
999454,-1.66789e-010
999455,-1.44975e-010
999456,-1.0239e-010
999457,-1.55637e-010
999458,-1.27757e-010
999459,-1.29779e-010
999460,-7.74509e-011
999461,-1.2451e-010
999462,-1.11703e-010
999463,-1.40686e-010
999464,-2.05086e-010
999465,-1.02819e-010
999466,-1.73284e-010
999467,-1.25429e-010
999468,-2.26164e-010
999469,-1.71998e-010
999470,-1.34926e-010
999471,-1.01471e-010
999472,-2.16789e-010
999473,-1.06495e-010
999474,-1.86581e-010
999475,-1.40196e-010
999476,-2.15564e-010
999477,-1.4663e-010
999478,-1.50613e-010
999479,-1.70527e-010
999480,-2.45711e-010
999481,-1.54534e-010
999482,-9.33823e-011
999483,-1.62071e-010
999484,-1.53615e-010
999485,-1.6924e-010
999486,-2.20711e-010
999487,-1.51042e-010
999488,-2.31863e-010
999489,-2.01593e-010
999490,-1.84007e-010
999491,-1.38664e-010
999492,-1.5e-010
999493,-1.33762e-010
999494,-2.98468e-010
999495,-1.30392e-010
999496,-8.98284e-011
999497,-9.79779e-011
999498,-9.91421e-011
999499,-1.9712e-010
999500,-1.34191e-010
999501,-1.53002e-010
999502,-1.61642e-010
999503,-1.64093e-010
999504,-1.81373e-010
999505,-1.28493e-010
999506,-1.64399e-010
999507,-1.4473e-010
999508,-1.15686e-010
999509,-1.37377e-010
999510,-1.5527e-010
999511,-1.2261e-010
999512,-1.92402e-010
999513,-1.18934e-010
999514,-1.33578e-010
999515,-1.20649e-010
999516,-1.57537e-010
999517,-1.16544e-010
999518,-1.50429e-010
999519,-2.94118e-010
999520,-9.59558e-011
999521,-1.90993e-010
999522,-1.40502e-010
999523,-8.63357e-011
999524,-1.47855e-010
999525,-1.43566e-010
999526,-1.79779e-010
999527,-1.25613e-010
999528,-1.48284e-010
999529,-1.44118e-010
999530,-1.40441e-010
999531,-1.42708e-010
999532,-1.77635e-010
999533,-1.52635e-010
999534,-1.21507e-010
999535,-1.9277e-010
999536,-1.94669e-010
999537,-1.96998e-010
999538,-1.13909e-010
999539,-1.41789e-010
999540,-1.34314e-010
999541,-1.07475e-010
999542,-1.45037e-010
999543,-1.74326e-010
999544,-1.60846e-010
999545,-1.01838e-010
999546,-9.30759e-011
999547,-2.14767e-010
999548,-1.65012e-010
999549,-1.57414e-010
999550,-1.21691e-010
999551,-1.36336e-010
999552,-2.66667e-010
999553,-1.33824e-010
999554,-1.08823e-010
999555,-1.69547e-010
999556,-1.36152e-010
999557,-1.72733e-010
999558,-1.03248e-010
999559,-1.14093e-010
999560,-1.69118e-010
999561,-2.08946e-010
999562,-2.00061e-010
999563,-1.63358e-010
999564,-2.98652e-010
999565,-1.53799e-010
999566,-1.50919e-010
999567,-1.48774e-010
999568,-1.50245e-010
999569,-3.18137e-010
999570,-1.24632e-010
999571,-1.17218e-010
999572,-1.3989e-010
999573,-1.27267e-010
999574,-1.5239e-010
999575,-1.43934e-010
999576,-1.20956e-010
999577,-1.38909e-010
999578,-2.51409e-010
999579,-2.06127e-010
999580,-2.34007e-010
999581,-1.30944e-010
999582,-1.58946e-010
999583,-1.80331e-010
999584,-1.63725e-010
999585,-1.01716e-010
999586,-1.36642e-010
999587,-1.44118e-010
999588,-1.70956e-010
999589,-1.53248e-010
999590,-1.44056e-010
999591,-1.69792e-010
999592,-1.20711e-010
999593,-1.71201e-010
999594,-1.0049e-010
999595,-1.3799e-010
999596,-1.99326e-010
999597,-1.95772e-010
999598,-1.67524e-010
999599,-1.20343e-010
999600,-1.58333e-010
999601,-1.97181e-010
999602,-1.90502e-010
999603,-1.25551e-010
999604,-1.42953e-010
999605,-1.24326e-010
999606,-1.46752e-010
999607,-1.11581e-010
999608,-1.47794e-010
999609,-1.51164e-010
999610,-1.0527e-010
999611,-1.86703e-010
999612,-1.7598e-010
999613,-1.14828e-010
999614,-1.23591e-010
999615,-1.5098e-010
999616,-1.70711e-010
999617,-2.72917e-010
999618,-1.79902e-010
999619,-1.69608e-010
999620,-1.66912e-010
999621,-1.91667e-010
999622,-1.83333e-010
999623,-1.47426e-010
999624,-1.44608e-010
999625,-1.3364e-010
999626,-3.27635e-010
999627,-1.59191e-010
999628,-1.18811e-010
999629,-1.89032e-010
999630,-1.69424e-010
999631,-1.31924e-010
999632,-1.26716e-010
999633,-1.32966e-010
999634,-1.68382e-010
999635,-1.59988e-010
999636,-1.82292e-010
999637,-1.45404e-010
999638,-1.31066e-010
999639,-9.22794e-011
999640,-1.21385e-010
999641,-1.49142e-010
999642,-1.36642e-010
999643,-1.35723e-010
999644,-1.90257e-010
999645,-2.74265e-010
999646,-1.67218e-010
999647,-2.58824e-010
999648,-1.05086e-010
999649,-1.66667e-010
999650,-1.88174e-010
999651,-1.59375e-010
999652,-2.62255e-010
999653,-1.62132e-010
999654,-1.53799e-010
999655,-1.97243e-010
999656,-2.06434e-010
999657,-9.41789e-011
999658,-1.99203e-010
999659,-2.05208e-010
999660,-1.6875e-010
999661,-1.12561e-010
999662,-1.41973e-010
999663,-2.0625e-010
999664,-1.44608e-010
999665,-1.96385e-010
999666,-1.24326e-010
999667,-1.75858e-010
999668,-1.60355e-010
999669,-1.48774e-010
999670,-1.26471e-010
999671,-2.1973e-010
999672,-1.16605e-010
999673,-1.70527e-010
999674,-1.09007e-010
999675,-1.96017e-010
999676,-1.26899e-010
999677,-1.76409e-010
999678,-1.49877e-010
999679,-1.34191e-010
999680,-1.80699e-010
999681,-1.44669e-010
999682,-1.33701e-010
999683,-1.58824e-010
999684,-1.64338e-010
999685,-9.44853e-011
999686,-2.73836e-010
999687,-1.48958e-010
999688,-1.56127e-010
999689,-1.61458e-010
999690,-1.85784e-010
999691,-1.43566e-010
999692,-1.50368e-010
999693,-3.92218e-010
999694,-1.16299e-010
999695,-1.79289e-010
999696,-1.60846e-010
999697,-1.30086e-010
999698,-2.10723e-010
999699,-1.23223e-010
999700,-1.981e-010
999701,-1.15502e-010
999702,-2.09988e-010
999703,-1.01103e-010
999704,-1.72917e-010
999705,-1.9663e-010
999706,-1.00368e-010
999707,-9.62622e-011
999708,-1.63603e-010
999709,-1.60049e-010
999710,-1.9902e-010
999711,-1.60907e-010
999712,-1.625e-010
999713,-1.875e-010
999714,-1.35846e-010
999715,-8.92157e-011
999716,-2.39154e-010
999717,-1.30637e-010
999718,-1.37316e-010
999719,-1.40625e-010
999720,-1.80147e-010
999721,-1.98774e-010
999722,-1.08578e-010
999723,-1.40809e-010
999724,-2.72672e-010
999725,-4.8799e-010
999726,-1.61642e-010
999727,-1.55515e-010
999728,-1.20833e-010
999729,-2.05699e-010
999730,-1.13051e-010
999731,-2.02819e-010
999732,-1.34498e-010
999733,-1.7163e-010
999734,-1.2788e-010
999735,-1.49694e-010
999736,-2.14338e-010
999737,-1.42034e-010
999738,-1.87745e-010
999739,-1.11213e-010
999740,-1.73407e-010
999741,-1.24939e-010
999742,-1.59252e-010
999743,-1.68444e-010
999744,-1.65196e-010
999745,-1.69056e-010
999746,-1.36703e-010
999747,-1.9136e-010
999748,-1.57659e-010
999749,-1.41605e-010
999750,-2.18382e-010
999751,-7.41421e-011
999752,-1.44179e-010
999753,-1.05331e-010
999754,-2.37561e-010
999755,-3.74142e-010
999756,-1.57414e-010
999757,-2.04779e-010
999758,-1.51471e-010
999759,-1.8174e-010
999760,-1.38848e-010
999761,-1.59007e-010
999762,-1.32414e-010
999763,-2.20343e-010
999764,-1.30637e-010
999765,-1.20833e-010
999766,-1.52206e-010
999767,-1.14645e-010
999768,-1.51532e-010
999769,-2.21814e-010
999770,-1.06924e-010
999771,-2.10662e-010
999772,-1.8511e-010
999773,-1.09191e-010
999774,-1.18627e-010
999775,-2.85784e-010
999776,-1.06863e-010
999777,-1.42096e-010
999778,-4.81005e-010
999779,-1.06556e-010
999780,-1.94975e-010
999781,-1.42218e-010
999782,-4.84865e-010
999783,-1.4951e-010
999784,-1.98407e-010
999785,-1.82721e-010
999786,-2.49142e-010
999787,-2.06556e-010
999788,-2.82047e-010
999789,-1.42831e-010
999790,-1.31005e-010
999791,-1.09436e-010
999792,-1.72365e-010
999793,-1.83027e-010
999794,-1.76716e-010
999795,-1.31679e-010
999796,-1.38787e-010
999797,-2.29289e-010
999798,-1.24939e-010
999799,-2.37623e-010
999800,-1.72794e-010
999801,-1.94118e-010
999802,-2.01593e-010
999803,-9.01348e-011
999804,-2.64277e-010
999805,-1.96998e-010
999806,-1.56005e-010
999807,-1.48652e-010
999808,-1.44485e-010
999809,-2.17647e-010
999810,-1.1777e-010
999811,-1.89645e-010
999812,-1.54841e-010
999813,-1.63603e-010
999814,-1.46446e-010
999815,-1.42708e-010
999816,-1.25551e-010
999817,-1.52206e-010
999818,-1.40135e-010
999819,-1.07904e-010
999820,-1.58149e-010
999821,-1.32047e-010
999822,-1.44301e-010
999823,-1.53922e-010
999824,-1.65257e-010
999825,-1.63174e-010
999826,-1.60294e-010
999827,-2.12439e-010
999828,-9.1973e-011
999829,-1.38603e-010
999830,-1.50123e-010
999831,-2.50368e-010
999832,-1.5864e-010
999833,-1.52696e-010
999834,-1.48346e-010
999835,-1.77819e-010
999836,-2.16912e-010
999837,-1.2549e-010
999838,-1.09314e-010
999839,-1.34375e-010
999840,-1.81189e-010
999841,-1.15809e-010
999842,-2.26777e-010
999843,-1.60294e-010
999844,-1.49632e-010
999845,-1.41238e-010
999846,-2.32598e-010
999847,-1.5723e-010
999848,-2.90074e-010
999849,-2.31801e-010
999850,-1.51164e-010
999851,-1.52145e-010
999852,-1.50245e-010
999853,-1.64216e-010
999854,-4.04411e-011
999855,-1.08272e-010
999856,-1.24326e-010
999857,-2.06618e-010
999858,-1.28064e-010
999859,-2.8413e-010
999860,-1.41667e-010
999861,-1.3027e-010
999862,-2.4326e-010
999863,-1.41238e-010
999864,-1.13113e-010
999865,-2.18566e-010
999866,-1.61152e-010
999867,-1.40564e-010
999868,-1.44179e-010
999869,-1.95343e-010
999870,-1.11029e-010
999871,-1.29596e-010
999872,-1.68444e-010
999873,-1.24877e-010
999874,-1.68934e-010
999875,-1.72733e-010
999876,-1.32966e-010
999877,-1.52328e-010
999878,-2.63603e-010
999879,-1.26654e-010
999880,-1.58701e-010
999881,-1.33762e-010
999882,-8.91544e-011
999883,-1.68382e-010
999884,-2.1201e-010
999885,-1.79228e-010
999886,-1.63051e-010
999887,-1.21446e-010
999888,-1.63848e-010
999889,-1.24142e-010
999890,-1.61336e-010
999891,-1.94547e-010
999892,-1.70772e-010
999893,-1.86703e-010
999894,-1.38664e-010
999895,-2.04902e-010
999896,-1.36397e-010
999897,-1.65931e-010
999898,-1.4663e-010
999899,-1.66115e-010
999900,-3.58272e-010
999901,-1.51471e-010
999902,-1.39032e-010
999903,-1.95649e-010
999904,-1.86336e-010
999905,-1.41605e-010
999906,-1.26838e-010
999907,-1.39767e-010
999908,-1.5527e-010
999909,-1.32843e-010
999910,-1.05024e-010
999911,-1.856e-010
999912,-1.36336e-010
999913,-2.00368e-010
999914,-1.12071e-010
999915,-1.3125e-010
999916,-3.37745e-010
999917,-1.76532e-010
999918,-1.73713e-010
999919,-2.0394e-009
999920,-1.65319e-010
999921,-1.06189e-010
999922,-1.57414e-010
999923,-1.42953e-010
999924,-1.59804e-010
999925,-1.98407e-010
999926,-1.22672e-010
999927,-1.31311e-010
999928,-1.07169e-010
999929,-1.33517e-010
999930,-2.06863e-010
999931,-1.56311e-010
999932,-1.51593e-010
999933,-1.95772e-010
999934,-1.49081e-010
999935,-2.31066e-010
999936,-1.31556e-010
999937,-1.28738e-010
999938,-2.22917e-010
999939,-1.68076e-010
999940,-1.48713e-010
999941,-1.07047e-010
999942,-1.09865e-010
999943,-8.21691e-011
999944,-8.21078e-011
999945,-1.55576e-010
999946,-1.45956e-010
999947,-1.8223e-010
999948,-1.06863e-010
999949,-1.60294e-010
999950,-1.38297e-010
999951,-1.04044e-010
999952,-1.76164e-010
999953,-8.10049e-011
999954,-1.37806e-010
999955,-1.22917e-010
999956,-1.75245e-010
999957,-1.97549e-010
999958,-1.23468e-010
999959,-1.94301e-010
999960,-1.75061e-010
999961,-1.84375e-010
999962,-1.58517e-010
999963,-1.4951e-010
999964,-3.42708e-010
999965,-2.1973e-010
999966,-1.35417e-010
999967,-1.7212e-010
999968,-1.60294e-010
999969,-2.09926e-010
999970,-1.69179e-010
999971,-2.93811e-010
999972,-2.07169e-010
999973,-1.47243e-010
999974,-1.32108e-010
999975,-1.81189e-010
999976,-1.64338e-010
999977,-1.64032e-010
999978,-2.24694e-010
999979,-2.52206e-010
999980,-2.24326e-010
999981,-1.53248e-010
999982,-1.57537e-010
999983,-1.23039e-010
999984,-1.18321e-010
999985,-3.07292e-010
999986,-1.375e-010
999987,-1.83824e-010
999988,-1.41054e-010
999989,-1.18995e-010
999990,-1.53554e-010
999991,-1.0864e-010
999992,-1.21875e-010
999993,-1.71017e-010
999994,-1.58762e-010
999995,-1.96507e-010
999996,-4.02696e-010
999997,-1.39277e-010
999998,-7.88603e-011
999999,-1.18811e-010
